#RowNumber,CustomerId,Surname,CreditScore,Gender,Age,Tenure,NumOfProducts,HasCrCard,EstimatedSalary,Exited
8,15656148,Obinna,376,Female,29,4,4,1,119347,1
10,15592389,H?,684,Male,27,2,1,1,71726,0
12,15737173,Andrews,497,Male,24,3,2,1,76390,0
14,15691483,Chin,549,Female,25,5,2,0,190858,0
18,15788218,Henderson,549,Female,24,9,2,1,14406,0
20,15568982,Hao,726,Female,24,6,2,1,54724,0
26,15738191,Maclean,577,Male,25,3,2,0,124508,0
30,15656300,Lucciano,411,Male,29,0,2,1,53483,0
35,15732963,Clements,722,Female,29,9,2,1,142033,0
47,15602280,Martin,829,Female,27,9,1,1,119708,1
58,15647091,Endrizzi,725,Male,19,0,1,0,45614,0
62,15773469,Clark,687,Female,27,9,2,0,126495,0
65,15592461,Jackson,603,Male,26,4,1,1,92841,0
70,15755648,Pisano,675,Female,21,8,1,1,18203,0
72,15620344,McKee,813,Male,29,6,1,1,33954,0
74,15779052,Ballard,604,Female,25,5,2,1,58427,0
76,15780961,Cavenagh,735,Female,21,1,2,1,22388,0
87,15762418,Gant,750,Male,22,3,1,1,128643,1
90,15767954,Osborne,635,Female,28,3,2,1,156791,0
94,15640635,Capon,769,Male,29,8,2,1,172291,0
98,15693683,Yuille,814,Male,29,8,2,1,197276,0
99,15604348,Allard,710,Male,22,8,2,0,99645,0
115,15609618,Fanucci,721,Male,28,9,2,0,101301,1
125,15779659,Zetticci,625,Female,28,3,1,0,183646,0
130,15591607,Fernie,770,Male,24,9,1,1,167256,0
134,15642004,Alekseeva,686,Male,25,1,2,0,16459,0
146,15800703,Madukwe,485,Female,21,5,1,1,54142,0
147,15705707,Bennelong,635,Female,29,8,2,1,141076,0
158,15623595,Clayton,586,Female,28,2,2,1,92067,0
161,15692132,Wilkinson,717,Female,22,6,1,0,84700,0
165,15658929,Taverner,683,Male,29,0,1,1,55583,1
167,15724623,Taubman,704,Female,24,7,1,1,162503,1
170,15611325,Wood,682,Male,24,9,2,0,53134,0
171,15587562,Hawkins,484,Female,29,4,1,1,164018,0
172,15613172,Sun,628,Male,27,5,2,1,155997,0
195,15679200,Crawford,580,Male,29,9,2,1,128078,0
215,15785542,Kornilova,572,Male,26,4,2,0,60427,0
230,15605461,Lucas,594,Female,29,3,1,1,61049,0
234,15723886,Fiore,767,Male,20,3,2,0,150135,0
237,15711540,Pacheco,712,Female,29,2,1,1,144375,0
240,15795149,Stevens,703,Male,28,2,2,0,162812,0
247,15685500,Glazkov,772,Male,26,7,2,1,79414,0
248,15599792,Dimauro,545,Female,26,1,2,1,199639,0
249,15657566,Wieck,634,Male,24,8,1,1,157577,0
255,15665834,Cheatham,696,Male,28,8,1,0,176713,0
264,15673693,Reppert,682,Female,26,0,1,0,111879,0
275,15800116,Bowman,712,Male,28,4,1,0,93884,0
282,15669169,Hargreaves,775,Male,29,10,2,1,68144,0
285,15708608,Wallwork,799,Female,22,8,2,0,192634,0
287,15573112,Kang,602,Male,29,5,1,1,161230,0
289,15727556,O'Donnell,744,Female,26,5,1,1,181694,0
293,15655774,Booth,583,Male,27,7,2,1,51285,0
296,15723654,Tsao,773,Male,25,2,1,1,73656,0
319,15677512,McEncroe,628,Female,22,3,1,1,85426,0
320,15626114,Pearson,429,Male,24,4,1,1,46171,0
330,15624528,L?,664,Male,26,7,2,1,95145,0
336,15697441,Hsueh,485,Male,29,7,1,1,116829,1
344,15684484,White,543,Male,22,8,2,0,127587,0
345,15785869,Pisano,718,Female,25,7,2,1,30380,0
354,15812007,Power,670,Male,25,6,2,1,78359,0
361,15803716,West,706,Male,28,3,2,0,181544,0
364,15745088,Chen,443,Female,29,9,2,1,10940,0
370,15583303,Monaldo,593,Female,29,2,1,1,34004,0
384,15622993,Boyd,709,Male,28,8,2,1,145251,0
390,15717225,Ikemefuna,544,Female,21,10,2,1,9263,0
391,15685226,Morrison,712,Female,29,7,1,1,84932,0
395,15620505,Celis,594,Female,24,0,1,1,71405,0
405,15642291,Fontaine,685,Male,23,8,2,1,112239,0
411,15566594,McKenzie,709,Male,23,10,2,0,129590,0
416,15809616,Hsiung,626,Male,26,8,2,0,191421,0
420,15615624,De Salis,605,Female,28,6,2,0,159509,0
426,15784597,Lattimore,648,Male,26,9,1,1,98368,0
446,15803406,Ross,748,Female,26,1,1,0,183049,0
461,15732778,Templeman,468,Male,29,1,2,1,195711,0
463,15670039,Sun,509,Female,25,3,2,1,106921,0
465,15613786,Ogbonnaya,818,Male,26,4,2,1,167037,0
471,15759298,Shih,631,Male,27,10,1,1,176730,0
473,15635367,Muir,774,Male,26,2,1,1,28415,0
474,15681705,Fanucci,785,Male,28,8,2,1,77231,0
480,15797736,Smith,658,Male,29,4,1,1,20613,0
482,15744398,Burns,525,Female,23,5,2,1,160249,0
491,15714689,Houghton,591,Male,29,1,1,1,196356,0
499,15591995,Barry,757,Male,26,8,2,1,127059,0
509,15773890,Okechukwu,733,Male,22,5,2,1,117202,0
528,15573318,Kung,610,Male,26,8,2,1,166031,0
532,15749851,Brookes,702,Female,26,4,1,0,59748,0
540,15762729,Ukaegbunam,745,Female,28,1,1,1,73276,1
542,15626578,Milne,622,Male,26,9,2,1,153238,0
550,15600651,Ijendu,749,Male,24,1,3,1,47911,0
553,15763063,Price,685,Female,25,10,1,1,121562,0
561,15670080,Mackenzie,584,Female,29,7,1,0,138490,0
576,15653620,Gordon,546,Female,27,8,2,1,14858,0
595,15603925,Greco,779,Female,26,4,2,0,38296,0
602,15645569,Mai,762,Female,26,7,2,1,169655,0
606,15814035,Lawrence,601,Male,29,9,1,1,80393,0
608,15629117,Harper,584,Male,28,10,2,1,19834,0
612,15603203,Avdeyeva,650,Female,27,6,2,1,1002,0
615,15660271,Duncan,688,Male,26,8,1,1,175297,0
627,15626900,Kung,427,Male,29,1,1,1,93839,0
630,15692463,Rahman,799,Female,28,3,1,1,45043,0
642,15580684,Feng,706,Female,29,5,1,1,42334,0
643,15809663,Donaldson,583,Female,27,1,1,1,110784,0
656,15692926,Toscani,498,Male,25,8,1,1,132210,0
657,15813741,Nnachetam,549,Male,25,6,1,0,21600,0
668,15575024,Uwaezuoke,503,Male,29,3,2,1,143955,0
673,15721024,Wickens,642,Male,26,0,1,0,47473,0
685,15747867,Trevisani,583,Male,24,9,1,0,89802,0
691,15589493,Otitodilinna,716,Male,27,1,2,1,67611,0
715,15807609,Yuan,650,Female,25,3,3,1,16649,1
723,15736879,Obinna,669,Male,23,1,2,0,66089,0
728,15767432,Ts'ai,711,Female,25,7,3,1,9679,0
731,15812750,Ozioma,591,Male,24,6,1,1,25311,0
732,15790757,Cody,769,Female,25,10,2,0,187926,0
740,15705639,Onyemauchechukwu,692,Female,28,8,2,1,44420,0
741,15637414,Gell,618,Female,24,7,1,0,37148,0
742,15716835,Rossi,546,Male,24,8,1,1,125381,0
743,15696231,Chiwetelu,635,Male,29,7,1,1,149854,0
747,15787619,Hsieh,844,Male,18,2,1,0,145936,0
758,15815364,Ashley,736,Female,28,2,2,1,117431,0
764,15622750,Chu,742,Female,21,1,1,1,31520,0
766,15812351,Beluchi,710,Female,27,2,1,1,142200,0
778,15628936,Archer,692,Male,28,9,1,0,16064,1
779,15797227,Otutodilinna,754,Male,28,8,2,1,52616,0
781,15737051,Denisov,639,Male,27,8,2,1,192247,0
782,15585595,Owens,774,Female,28,1,2,0,68760,0
787,15605284,Outtrim,688,Male,26,1,2,1,104436,0
795,15776807,Brennan,654,Male,29,1,1,1,180345,0
804,15712825,Howells,511,Female,29,9,2,0,140677,0
814,15775306,Ni,421,Male,28,8,3,1,89017,1
815,15641655,Black,700,Female,26,2,2,0,50051,0
816,15619708,Harker,745,Male,25,5,2,1,146041,0
817,15734565,Hughes,696,Male,29,8,2,1,191166,0
819,15591969,Kuo,497,Male,27,9,1,1,164825,0
833,15797964,Cameron,732,Female,29,1,1,1,138528,0
847,15608968,Averyanov,714,Male,21,6,2,0,27331,0
850,15725811,Lim,705,Male,25,0,1,0,59887,0
866,15686983,Rohu,678,Female,25,10,2,0,131502,0
874,15803764,Stanley,561,Male,28,7,2,1,7797,0
886,15721935,Kincaid,521,Male,25,7,2,1,157879,0
900,15632210,Hill,657,Male,25,2,1,1,22746,0
904,15786014,Ku,568,Male,28,5,2,1,185489,0
910,15693814,Niu,806,Male,25,7,2,1,18462,0
914,15655961,Palermo,756,Male,27,1,1,1,93302,0
924,15601026,Gallagher,572,Female,19,1,1,1,16162,0
930,15590876,Knupp,764,Female,24,7,1,0,115676,0
944,15781465,Schofield,675,Female,29,8,1,1,133458,0
946,15709295,Wall,697,Female,25,5,2,1,128374,0
959,15619529,Ndukaku,531,Male,27,8,1,0,7223,0
972,15801488,Buckner,723,Male,25,3,2,1,134509,0
981,15624729,Tsao,594,Male,27,0,1,0,151912,0
985,15704770,Pan,773,Male,25,1,2,0,11724,0
994,15782899,Ginn,661,Female,28,7,1,0,102297,0
996,15810218,Sun,610,Male,29,9,3,0,83912,0
999,15659557,Artamonova,811,Female,28,4,2,1,9903,0
1005,15723685,Ekechukwu,601,Female,26,7,2,1,50071,0
1013,15655274,Bardin,548,Female,29,4,2,0,48673,0
1014,15603594,Nwankwo,635,Male,24,4,2,1,70669,0
1025,15729279,Naylor,718,Female,25,4,1,1,63031,0
1032,15667521,Crawford,631,Female,22,3,2,0,30782,0
1034,15695475,Maclean,645,Male,29,1,2,0,196474,0
1038,15631054,Volkova,625,Female,24,1,2,1,180970,0
1049,15645103,Su,812,Male,25,5,1,1,131660,0
1055,15743016,MacDonald,602,Female,22,7,1,1,30380,0
1065,15699598,Smith,723,Female,20,4,2,1,140385,0
1068,15599131,Dilke,650,Male,26,4,2,1,128815,0
1073,15625698,Dumetochukwu,624,Female,23,6,2,0,196669,0
1078,15729832,Cheng,658,Male,29,3,1,1,20207,0
1085,15591257,Ejimofor,796,Male,24,8,2,1,61349,0
1089,15645517,Philip,850,Male,22,2,2,1,9685,0
1096,15689081,Wu,692,Male,29,4,1,1,76756,1
1099,15724127,McLean,790,Female,26,4,2,0,98309,0
1102,15782219,Fanucci,703,Male,29,9,2,1,50679,0
1105,15590476,Onochie,589,Male,28,7,2,1,151646,0
1114,15648800,Paterson,731,Female,21,8,1,1,106663,1
1120,15585241,Butcher,756,Male,29,2,2,1,4889,0
1122,15672704,Jackson,809,Female,24,4,2,1,193519,0
1135,15732660,Black,769,Female,27,2,1,1,57876,0
1137,15614220,Benson,750,Male,22,5,2,0,105126,0
1146,15601688,Piccio,546,Male,28,8,1,1,159254,0
1148,15671209,Holden,593,Female,29,5,3,1,134595,0
1151,15722993,Page,700,Female,27,6,1,0,8997,0
1152,15752463,Samuel,826,Female,29,4,1,0,190201,0
1167,15633419,Brooks,622,Female,28,1,2,1,81724,0
1169,15710456,Balmain,607,Female,27,2,2,1,63496,0
1171,15590820,Ecuyer,699,Male,26,6,1,0,150242,0
1178,15651369,Wright,626,Male,21,1,2,1,66232,0
1182,15624428,Longo,651,Female,24,7,1,1,178341,0
1191,15636935,Rischbieth,797,Female,29,1,2,1,132975,0
1192,15686909,Lung,639,Male,27,3,1,0,85209,0
1194,15779947,Thomas,363,Female,28,6,3,1,100615,1
1195,15573769,Fiorentini,764,Female,24,7,2,1,186106,0
1197,15739131,Whitworth,718,Male,28,4,1,1,28761,0
1203,15724334,Alekseyeva,529,Male,22,5,1,1,151170,0
1214,15624229,Noble,694,Female,22,4,2,1,11526,0
1218,15696900,Burns,505,Male,29,3,2,1,58020,0
1219,15730038,Docherty,706,Female,23,5,1,0,164128,1
1228,15613844,Murphy,557,Female,28,7,2,1,184318,0
1239,15619626,Wade,746,Male,24,3,2,0,170142,0
1240,15660422,Chung,569,Male,28,7,2,1,73977,0
1242,15760774,Hargraves,519,Female,21,1,2,1,194867,0
1244,15593331,Sidorov,693,Male,25,6,1,0,14633,0
1248,15711288,Hay,512,Male,24,6,2,1,37654,0
1249,15770030,Conti,689,Female,28,3,2,1,192449,0
1250,15803681,Sims,803,Female,26,4,2,1,181208,0
1261,15743532,Ball,704,Male,27,5,1,1,64381,1
1281,15671590,H?,741,Male,25,4,2,1,73874,0
1311,15759317,Vasilieva,748,Female,27,2,1,1,131662,0
1316,15734634,Bocharova,607,Female,27,5,1,0,7631,0
1325,15765537,Liang,687,Male,26,2,1,1,153606,0
1328,15688007,Liu,703,Male,20,3,1,1,41627,0
1335,15664772,Greece,489,Male,28,1,2,1,167974,0
1346,15714567,Chan,568,Female,26,6,2,0,166495,0
1354,15623644,Frolov,626,Male,29,7,2,1,49362,0
1361,15694409,Tsao,647,Female,22,3,2,0,62083,0
1371,15791767,Lucciano,769,Female,26,7,2,1,176844,0
1376,15574004,Mancini,429,Female,27,6,2,1,24020,0
1381,15743067,Fuller,625,Male,26,3,1,1,122811,0
1384,15696637,Sung,571,Female,23,10,1,0,17164,0
1391,15727281,Macintyre,653,Female,27,9,2,1,96429,0
1395,15582180,Lees,561,Male,29,9,1,1,173870,0
1400,15775546,Laurens,517,Female,29,5,2,1,103403,0
1401,15670481,Woods,684,Female,27,9,2,0,137836,0
1403,15613282,Vorobyova,757,Male,29,8,1,1,77469,0
1404,15721487,Pirogova,739,Female,27,6,1,1,57572,0
1407,15629617,Cook,572,Male,23,2,1,0,67040,0
1413,15588986,Grant,673,Female,29,4,1,1,9797,0
1416,15685150,Evans,799,Male,28,7,2,1,111138,0
1418,15774166,Mitchell,607,Female,24,2,2,0,127561,0
1430,15626485,Lu,601,Female,26,8,1,1,23704,0
1431,15703143,Tuan,820,Female,29,3,1,0,115985,0
1437,15646615,Muir,576,Male,28,1,2,0,58977,0
1446,15646302,Shao,705,Female,24,7,1,1,121409,0
1450,15726556,Macgroarty,594,Female,26,6,2,0,131212,0
1457,15789546,Ojiofor,639,Male,28,8,2,1,126561,0
1459,15678385,Lange,465,Male,25,2,2,1,10472,0
1461,15657085,Gardiner,578,Male,23,10,1,1,125222,0
1467,15650391,Wallace,633,Female,29,7,1,1,4272,0
1473,15729956,Akabueze,726,Female,26,1,1,1,19226,0
1476,15745080,Griffiths,634,Male,26,8,1,1,21761,0
1477,15703399,McNeil,756,Female,26,5,2,0,154461,0
1483,15605968,Fancher,574,Male,26,8,1,1,43094,0
1485,15607713,Kaeppel,850,Female,29,1,2,1,197997,0
1499,15677049,O'Brien,595,Female,25,7,2,0,177026,0
1500,15583595,Tao,461,Female,28,8,1,1,103350,0
1507,15599956,Payne,747,Male,27,10,2,0,13008,0
1522,15591130,Medvedev,507,Female,29,6,2,0,94781,0
1530,15697283,Mackenzie,578,Male,23,8,2,1,112125,0
1531,15640953,Bligh,611,Female,26,2,2,1,120802,0
1532,15715031,Davidson,600,Female,28,6,2,0,52193,0
1538,15732448,Stewart,821,Female,28,8,1,1,36754,0
1541,15605950,Onwuamaeze,530,Male,23,1,2,1,165227,0
1549,15618581,Diribe,668,Male,25,8,2,1,135112,0
1557,15772777,Onyemachukwu,850,Female,29,10,2,1,94815,0
1572,15615012,Fan,594,Male,23,5,1,1,160968,0
1575,15693018,Ermakova,678,Male,23,10,1,1,91634,0
1576,15636756,Marino,545,Male,23,2,2,1,189613,0
1578,15576714,Manna,687,Female,21,8,2,1,154767,0
1579,15585047,Onyemere,715,Male,28,7,1,0,196853,0
1593,15729668,Elizabeth,521,Male,29,3,1,1,154271,0
1595,15576676,Serrano,706,Female,28,6,2,1,50299,0
1597,15765520,Stevenson,769,Male,27,7,1,1,171344,0
1601,15748718,Gordon,517,Male,28,2,1,1,179056,0
1611,15758726,Chiemeka,588,Female,24,0,2,1,140586,0
1614,15674811,Kellway,739,Male,29,3,2,1,105534,0
1616,15722578,Spitzer,685,Female,21,6,1,1,164966,0
1619,15662955,Nicholls,697,Male,27,8,2,1,90591,0
1620,15770309,McDonald,656,Male,18,10,1,0,127014,0
1623,15783955,Miah,697,Female,25,4,2,1,15468,0
1625,15681758,Baddeley,525,Female,25,10,2,1,69362,0
1627,15588248,Hs?,617,Female,28,0,2,1,7598,1
1635,15735222,Ignatieff,705,Female,23,5,2,1,73132,0
1669,15755722,H?,554,Male,24,10,1,0,92181,0
1671,15716994,Green,559,Male,24,3,1,1,85891,1
1674,15780835,Liang,652,Female,26,1,1,1,179270,0
1679,15569178,Kharlamov,570,Female,18,4,1,1,71812,0
1685,15572093,Han,613,Female,24,7,1,1,129001,0
1686,15713826,Ferguson,613,Female,20,0,1,0,113558,1
1693,15809006,Walker,602,Male,23,7,2,0,84078,0
1703,15713644,Marshall,686,Male,22,5,2,1,158974,0
1705,15739054,Y?,654,Female,29,4,1,0,141404,0
1711,15567993,Palmer,828,Male,28,8,1,1,79356,0
1725,15612627,Ozuluonye,627,Male,29,5,2,1,80607,0
1731,15643438,P'eng,850,Male,20,7,2,1,31289,0
1735,15808846,Horton,672,Female,21,3,2,1,164537,0
1737,15663489,Onio,633,Female,29,0,1,1,193363,0
1740,15730639,Fiorentino,715,Male,23,7,2,1,65058,0
1742,15742638,Wang,747,Female,25,4,2,0,42040,0
1752,15632256,Schroeder,541,Male,29,7,1,0,86174,0
1754,15777639,McGregor,595,Female,23,10,2,0,37043,0
1769,15770525,T'an,760,Male,28,1,2,0,16287,0
1773,15756471,Giles,656,Male,27,4,2,1,160835,0
1775,15802256,Yao,439,Male,28,7,2,1,138527,0
1788,15753549,Dubinina,669,Male,25,1,1,0,37544,1
1803,15779247,Pai,683,Female,24,8,1,1,187987,0
1804,15707078,Kruglov,577,Female,26,1,1,0,123455,0
1812,15624068,Fu,779,Female,26,0,2,0,111906,0
1817,15752816,Murray,531,Male,29,3,1,0,75585,0
1821,15797389,Hsia,604,Male,23,9,1,1,7267,0
1827,15573893,Barry,569,Male,25,9,2,1,44381,0
1828,15740104,Tuan,425,Female,22,7,2,0,136365,1
1833,15600710,Atkinson,620,Male,22,0,1,1,32589,0
1850,15583090,Komar,581,Female,29,8,2,1,46735,0
1857,15690925,McIntosh,527,Female,29,2,1,1,97468,1
1858,15709338,T'ao,544,Female,29,1,1,1,164137,0
1861,15778190,Onyekaozulu,639,Female,28,8,1,1,178223,0
1864,15641183,Chin,731,Male,25,8,1,1,97878,0
1884,15670602,Burgess,790,Male,24,7,1,0,160450,0
1890,15716324,Ignatieff,665,Female,23,9,1,1,115147,0
1896,15649418,Krylov,776,Female,29,7,2,1,115819,0
1906,15566843,Gotch,535,Male,20,9,1,1,118826,0
1907,15608387,Fu,786,Female,29,4,2,1,103373,0
1913,15576644,Lin,687,Female,29,4,1,1,122135,1
1916,15769051,Shaw,503,Male,25,7,1,0,192841,0
1919,15744105,Kodilinyechukwu,768,Female,28,3,2,0,50911,0
1926,15757931,Fang,804,Male,24,3,2,1,173195,0
1931,15627262,Soto,536,Male,23,6,2,1,120662,0
1932,15652693,Greco,573,Female,26,4,1,0,149815,1
1946,15607347,Olisaemeka,734,Male,22,5,1,0,121894,1
1953,15781884,Knox,624,Male,27,9,2,0,4471,0
1954,15675190,Chia,623,Male,21,10,2,0,135851,0
1962,15668472,Ritchie,705,Female,24,5,2,0,79886,0
1968,15598088,Ni,559,Male,25,5,2,1,163221,0
1972,15780954,Cran,582,Male,26,4,2,1,30149,0
1983,15756680,Phillips,667,Male,28,6,1,1,147091,0
1990,15622454,Zaitsev,695,Male,28,0,1,1,57992,0
1993,15748381,Gorbunov,613,Female,29,6,2,1,77242,0
2002,15734311,Hamilton,661,Female,27,3,2,1,76890,0
2005,15729970,Ugochukwu,684,Male,29,8,1,0,79495,0
2017,15633612,Yuryeva,696,Male,28,4,1,1,116471,0
2019,15696703,Dean,691,Male,27,3,2,1,142368,0
2022,15795519,Vasiliev,716,Female,18,3,1,0,197322,0
2023,15761477,Golibe,501,Male,24,4,2,1,80241,0
2027,15603088,Rossi,451,Female,23,9,2,0,48022,0
2031,15746190,Payton,624,Female,28,2,2,0,104353,0
2038,15678146,Wong,668,Female,24,7,1,0,106457,1
2043,15635459,Shih,667,Female,27,3,2,1,3675,0
2053,15644765,Ashton,689,Male,26,4,1,0,149074,0
2063,15724443,Taylor,703,Female,29,3,1,0,82824,0
2070,15790379,Rowe,629,Male,28,8,1,1,119648,0
2084,15779738,Buccho,534,Male,24,1,1,1,169653,0
2086,15687477,Thompson,594,Male,28,5,1,1,16481,0
2112,15603216,Simpson,642,Male,25,7,2,1,102084,0
2113,15631201,Hill,472,Female,28,4,2,1,1802,0
2119,15774857,Synnot,460,Female,27,7,2,1,156150,1
2120,15791836,Wildman,690,Male,29,5,2,1,108578,0
2124,15723320,Azubuike,651,Female,25,2,2,1,114566,0
2137,15621893,Bellucci,727,Male,18,4,1,1,46941,0
2142,15758372,Wallace,674,Male,18,7,2,1,55753,1
2149,15811842,Artemyeva,630,Male,26,7,2,1,6657,0
2161,15586821,Bellew,727,Male,28,5,2,0,19653,0
2175,15633108,Thorpe,646,Male,26,4,1,1,164696,0
2178,15637644,Hanson,667,Female,24,4,2,0,34336,0
2200,15770174,Piazza,762,Male,29,6,1,1,54123,0
2203,15751788,Johnson,850,Male,28,9,1,1,175854,0
2215,15684999,Ch'eng,850,Female,26,4,2,0,179365,0
2239,15808784,Hess,835,Male,28,2,2,1,154559,0
2251,15739576,Bustard,706,Male,20,8,2,1,12368,0
2252,15631333,Wade,677,Female,25,8,1,1,42410,0
2265,15812945,Padovesi,582,Female,29,0,1,1,84013,0
2272,15703588,Palerma,665,Male,25,5,2,1,35322,0
2274,15679299,Shen,726,Female,27,7,1,0,78971,0
2288,15619889,Vasin,556,Male,26,4,1,1,195167,0
2292,15778157,Murray,598,Male,27,8,2,1,109296,0
2293,15779064,Chidiegwu,677,Male,27,2,2,1,20093,0
2300,15763171,Hu,650,Female,25,2,1,1,25325,0
2306,15576945,Clements,582,Male,29,0,1,1,142516,0
2312,15664639,McGregor,645,Male,19,9,1,0,175969,0
2315,15756056,Ku,561,Female,28,3,2,1,191388,0
2325,15748116,Zetticci,681,Female,29,2,1,1,52021,0
2326,15612193,Hsia,762,Male,29,10,2,1,148256,0
2329,15664204,Meany,706,Male,29,2,2,1,18256,0
2332,15614929,Cheng,508,Male,28,0,2,1,147914,0
2333,15695492,P'eng,439,Female,29,6,1,1,180599,0
2340,15647975,Vida,651,Male,26,5,1,0,141763,0
2342,15735388,Wayn,717,Female,25,7,2,1,190012,0
2354,15813144,Osborne,554,Female,26,7,2,1,192710,0
2372,15604345,Kemp,730,Female,22,9,1,1,145792,0
2375,15726186,Genovese,639,Male,29,4,2,1,97983,0
2380,15625904,Wang,624,Male,26,9,2,0,31231,0
2386,15728352,Yermakov,623,Male,27,4,1,0,142170,0
2394,15657342,Dawson,850,Male,28,4,1,1,60709,1
2397,15732476,Ifeanyichukwu,600,Female,27,3,2,0,125699,0
2404,15756901,Ch'ang,641,Female,26,4,2,0,28157,0
2414,15604073,Bibi,815,Female,25,8,1,1,136071,0
2422,15574842,Lorenzo,653,Female,25,2,3,1,199357,0
2423,15607837,Muriel,746,Female,29,4,1,1,43106,0
2424,15714877,MacDevitt,662,Female,29,10,2,1,137508,0
2432,15782247,Yeh,540,Male,22,4,3,1,186233,1
2442,15691446,Tokaryev,735,Male,29,10,2,1,95025,0
2445,15572461,Kung,663,Female,29,4,2,0,21171,0
2448,15715769,Hao,621,Male,26,2,1,0,44220,0
2449,15667458,L?,764,Male,28,10,1,1,166188,0
2452,15606507,Pisani,555,Male,24,5,2,1,27513,0
2453,15578825,Golubev,734,Female,29,0,1,1,17745,0
2457,15591766,Crawford,607,Female,25,4,1,0,115288,0
2468,15716518,Yuryeva,617,Female,27,4,2,0,190269,0
2489,15571148,Baranov,645,Female,21,1,2,0,28726,0
2490,15776824,Rossi,714,Male,28,6,1,1,67057,0
2492,15764174,Bidencope,612,Female,26,4,2,1,179781,0
2494,15715920,De Bernales,782,Male,23,10,1,1,142587,0
2498,15748123,Chienezie,613,Male,20,3,2,1,149614,0
2515,15598175,Toscani,592,Female,26,4,2,1,132802,0
2522,15739068,Nwoye,638,Male,25,4,2,1,114722,0
2524,15742269,Milano,756,Female,24,1,2,1,184182,0
2527,15727919,Chukwuemeka,671,Female,29,6,2,0,12049,0
2529,15654106,K?,604,Male,26,8,2,0,197912,0
2530,15621653,Rice,716,Female,29,10,1,1,182532,0
2544,15655192,Fiorentino,850,Female,24,1,2,0,69053,0
2558,15714634,Nebechi,837,Male,26,4,2,1,175477,0
2564,15645463,Udinese,843,Female,27,5,2,1,67494,0
2567,15614878,Yeh,660,Female,29,6,1,1,123851,0
2578,15724145,William,616,Male,29,8,1,1,140746,0
2586,15612030,Udegbulam,724,Male,28,9,2,1,100240,0
2591,15710450,Okwudiliolisa,848,Male,22,7,1,1,185510,0
2596,15737310,Thompson,633,Male,29,10,1,1,184655,0
2597,15763665,Y?,833,Female,28,4,2,0,5279,0
2601,15744582,Randall,680,Female,24,10,3,1,154972,1
2603,15683521,Godfrey,594,Male,28,0,2,1,129085,0
2605,15643752,Wei,540,Male,25,5,1,1,13412,0
2614,15665221,Nwebube,630,Male,26,7,2,0,197001,0
2623,15787026,Onwuatuegwu,627,Male,27,0,2,1,77027,0
2624,15653696,Goliwe,515,Female,28,9,2,0,94142,0
2625,15788946,Anthony,605,Female,29,3,1,0,4093,0
2626,15600724,Scott,567,Male,29,5,1,1,109258,0
2627,15574324,Genovese,568,Female,29,2,2,0,104618,0
2628,15707144,Onyeorulu,571,Male,25,6,2,1,167705,0
2636,15688637,Witt,592,Female,27,4,2,1,183569,0
2638,15677435,Kazantseva,647,Female,29,0,2,1,164718,0
2642,15599301,Tao,538,Female,28,6,1,0,5699,0
2643,15581548,Kaodilinakachukwu,637,Female,22,5,1,1,122866,0
2644,15586870,Ni,632,Male,27,4,1,1,152666,0
2645,15735263,Hsueh,736,Male,27,5,1,0,192132,0
2646,15765322,Connely,755,Male,23,5,2,1,62852,0
2649,15644962,Connolly,745,Male,21,4,1,1,177235,0
2654,15785078,Fomin,730,Male,26,3,1,1,34542,0
2658,15737782,Brazenor,562,Male,29,9,1,1,25859,0
2662,15688409,Donaldson,742,Female,28,2,1,1,108458,1
2665,15769582,Kang,586,Male,29,3,2,1,142239,0
2670,15693947,Tokareva,614,Female,19,5,2,1,122823,0
2675,15756472,Odinakachukwu,804,Male,25,7,1,1,128277,0
2683,15732102,Darling,656,Female,27,3,2,1,16999,0
2684,15739046,Maggard,850,Female,23,9,1,0,62981,0
2685,15631927,Thomas,574,Female,28,7,2,0,185660,0
2695,15721585,Blacklock,628,Male,29,3,2,0,124749,0
2699,15729954,Azuka,586,Female,28,5,3,1,170487,1
2700,15600103,Alexander,633,Female,29,8,1,1,97684,0
2705,15622494,Mazzanti,718,Male,27,2,2,0,26229,0
2707,15595071,Ramos,696,Male,22,9,1,1,198033,0
2709,15667190,Yuan,630,Female,21,1,1,1,133102,0
2712,15775741,Powell,608,Female,28,9,2,1,125062,0
2730,15608230,Hoelscher,667,Male,23,1,2,1,91573,0
2744,15658889,Watson,689,Male,22,4,1,1,51980,1
2750,15671124,Buccho,599,Male,25,6,1,1,24903,0
2754,15774491,Ross,480,Female,28,6,2,0,48132,0
2757,15765806,Wu,492,Male,29,1,1,1,196294,0
2763,15589018,Padilla,719,Male,28,3,2,1,183893,0
2768,15747265,Huang,598,Female,27,10,1,1,84136,0
2769,15713379,Anderson,669,Male,26,4,2,1,197594,0
2772,15715465,Aksenova,714,Male,28,7,1,1,177737,0
2774,15610765,Onwumelu,559,Male,29,1,2,0,155640,0
2775,15650034,Kudryashova,564,Female,28,1,1,1,162428,0
2783,15775234,Laurie,646,Male,24,8,2,0,92613,0
2794,15624793,Soubeiran,627,Male,23,5,1,1,103099,0
2796,15665110,Helena,515,Female,25,7,1,0,38773,0
2798,15731327,Hale,652,Male,27,2,2,0,146008,0
2799,15576044,Macdonald,579,Male,28,6,1,1,145558,0
2802,15596060,Skinner,498,Male,29,8,1,1,46678,0
2813,15581620,Franklin,597,Male,28,2,3,1,78708,0
2817,15619280,Uspensky,683,Male,25,4,2,1,152698,0
2833,15758171,Tien,582,Male,20,4,1,1,55764,0
2859,15662434,Zhdanova,607,Male,25,3,2,0,187049,0
2862,15711398,Fetherstonhaugh,525,Female,25,6,2,1,89567,0
2866,15590228,Greenwalt,715,Male,21,6,1,1,173512,0
2867,15631848,Grover,727,Female,26,9,1,1,146785,0
2868,15654211,Milani,559,Female,27,1,1,0,1050,0
2870,15594084,Anderson,524,Male,22,9,2,1,74405,0
2885,15776047,Nicholls,620,Female,29,3,2,0,153392,0
2888,15604314,Webb,703,Female,26,1,1,1,63717,0
2898,15664150,Holland,528,Female,29,9,2,1,49284,0
2901,15668575,Hao,626,Female,26,8,3,0,104502,1
2908,15727311,Yen,539,Female,22,0,2,1,38773,0
2915,15733883,Ward,604,Male,28,7,2,0,58596,0
2925,15792818,Perry,499,Female,29,6,1,1,118624,0
2938,15782806,Watson,718,Male,28,6,2,1,146876,0
2939,15764419,Langdon,730,Male,27,5,2,1,116082,0
2941,15772798,Chikezie,711,Female,28,5,2,1,93960,0
2942,15792008,Zetticci,555,Female,26,9,2,0,158918,0
2946,15776348,Rogers,835,Male,20,4,1,0,180198,1
2949,15694395,Ts'ui,620,Female,29,1,2,0,154701,0
2959,15814004,Fyodorova,589,Male,29,2,2,0,98320,0
2960,15673619,Bazhenov,530,Male,25,9,1,1,64129,0
2961,15595135,Solomon,778,Female,29,7,1,1,181221,0
2988,15682268,Steere,676,Female,26,1,1,0,60232,1
2991,15809823,Thurgood,491,Male,19,2,1,0,129691,0
2996,15582492,Moore,535,Female,29,2,1,1,185631,0
2998,15756820,Fleming,655,Female,26,7,1,0,32020,0
3014,15689237,Shaw,471,Female,27,4,2,1,122642,0
3018,15701962,Scott,590,Female,29,2,2,1,122488,0
3019,15811613,Voss,588,Female,27,8,1,1,20066,0
3020,15741049,Colebatch,577,Male,29,7,2,1,55473,0
3023,15678168,Gibson,648,Female,27,7,2,1,163060,0
3031,15725660,Dellucci,676,Male,20,1,1,0,68622,0
3032,15638963,Garran,678,Female,22,4,1,1,28149,0
3038,15741094,Sagese,693,Male,21,1,2,1,3494,0
3040,15666141,Baldwin,829,Female,26,8,2,1,19325,0
3043,15622833,Mahon,835,Female,29,10,2,0,106277,0
3045,15750839,Burns,649,Male,29,2,1,1,173496,0
3046,15749130,Dyer,621,Male,27,1,1,1,52582,0
3067,15789815,Fallaci,503,Female,28,5,2,1,125918,0
3081,15694288,Cawthorne,468,Male,28,3,2,1,170661,0
3082,15603319,Graham,693,Male,29,2,1,0,197146,0
3087,15674206,Walker,716,Female,22,8,2,1,92607,0
3089,15730448,Iroawuchi,538,Male,25,5,1,1,102758,0
3095,15738448,Sanford,480,Female,25,3,2,0,181647,0
3096,15680243,Brown,792,Male,19,7,1,1,33283,0
3099,15628523,Chien,539,Female,24,3,2,1,198161,0
3103,15660866,Chimaobim,640,Female,29,3,2,1,2744,0
3106,15794566,Kirsova,678,Female,28,4,2,1,144423,1
3109,15724536,Chin,560,Female,28,1,2,1,120881,0
3116,15582066,Maclean,561,Male,21,4,1,1,36942,0
3121,15694879,Reeves,590,Female,23,7,2,1,196790,0
3122,15593715,Castiglione,634,Male,27,3,1,1,173426,0
3123,15575002,Ferguson,676,Male,29,4,1,1,36221,0
3126,15685346,Chu,736,Female,26,4,1,1,165692,0
3134,15646227,Folliero,682,Female,27,1,1,1,166145,0
3142,15769596,Yen,710,Female,24,2,2,0,15832,1
3147,15730688,Yu,548,Female,28,8,2,1,158585,1
3154,15750056,Hyde,702,Female,29,6,1,1,9633,0
3160,15680587,Esposito,834,Male,23,4,1,1,20199,0
3161,15672821,Owen,591,Male,28,5,2,1,48607,0
3174,15727467,Mellor,485,Female,27,3,2,1,141450,0
3177,15613014,Hs?,722,Male,29,1,2,1,24925,0
3178,15759684,Ting,528,Female,27,7,2,0,139482,0
3191,15625395,Chinomso,585,Female,28,6,1,1,41219,0
3195,15673539,Napolitani,690,Female,26,3,1,1,61258,0
3196,15705298,L?,697,Male,29,0,1,0,141799,0
3199,15736397,Wang,544,Male,23,1,1,1,35551,0
3201,15720745,Murray,635,Male,24,4,1,1,142936,0
3202,15637593,Greco,722,Male,20,6,2,1,195486,0
3210,15622585,McIntyre,525,Male,26,7,1,1,63198,0
3212,15753861,Ballard,686,Female,27,1,2,0,78622,0
3222,15619465,Cameron,555,Female,24,2,2,0,197867,0
3228,15639576,Burns,691,Male,26,9,1,1,153228,0
3229,15693264,Onyinyechukwuka,583,Female,29,10,2,1,111286,0
3240,15776844,Hao,762,Female,19,6,2,1,55500,0
3244,15716781,Dolgorukova,815,Male,24,7,1,0,178029,0
3248,15721835,Owen,791,Male,25,7,1,1,89666,0
3256,15671387,Fetherstonhaugh,507,Female,29,4,2,0,180627,0
3276,15800215,Kwemtochukwu,658,Male,25,3,2,0,173948,0
3290,15592570,Marino,773,Female,23,8,2,1,56760,0
3292,15635893,T'ien,693,Female,28,8,2,1,158545,0
3296,15654296,Estrada,754,Female,19,9,1,1,189641,0
3297,15755018,Dickinson,568,Female,26,10,2,1,154491,0
3299,15670587,Yang,558,Male,25,10,2,1,197264,0
3301,15801904,Heard,677,Male,28,0,2,1,8756,1
3310,15753343,Barry,523,Female,28,2,1,1,59939,0
3316,15737977,Aksyonov,527,Female,25,6,2,0,96759,0
3321,15672242,Aksenov,712,Male,24,2,1,0,121233,0
3331,15657439,Chao,738,Male,18,4,2,1,47799,0
3335,15702300,Walker,671,Male,27,5,2,0,120893,0
3339,15739223,Pai,688,Female,24,3,2,1,102195,0
3340,15631305,Franklin,599,Female,28,4,2,1,60843,1
3341,15809263,Y?,729,Male,29,5,1,1,25548,0
3342,15640866,Peng,718,Female,29,3,1,0,134462,0
3356,15623062,Vasilyeva,660,Male,24,5,1,1,71638,0
3358,15670668,Webb,658,Male,29,5,2,0,54915,0
3381,15601184,Abramovich,604,Female,26,3,2,1,155249,0
3389,15588622,Marchesi,599,Male,25,7,1,1,79006,0
3395,15668460,Bellucci,466,Male,29,6,2,1,2797,0
3396,15576263,Clements,759,Female,22,5,1,1,22303,0
3403,15715745,Elliott,690,Female,26,5,1,1,49599,0
3405,15576928,Walsh,573,Female,23,2,1,1,122964,0
3407,15581252,Dolgorukova,632,Female,29,7,1,1,7821,0
3413,15782802,Beneventi,582,Male,26,6,1,1,14082,0
3420,15684103,Mellor,674,Female,26,10,2,1,138423,0
3433,15778219,Izmailov,790,Male,26,5,1,1,20511,0
3446,15784097,Gibson,660,Male,28,1,2,1,14289,0
3452,15700864,Fiorentini,607,Female,21,0,2,1,116107,0
3455,15814465,Ch'in,612,Male,24,1,1,1,171837,0
3456,15580988,Odell,842,Male,29,8,2,1,123437,0
3467,15631339,Adams,791,Male,28,4,1,1,174435,0
3470,15656096,Cumbrae-Stewart,679,Female,26,3,1,1,184800,0
3472,15743582,T'ang,632,Female,27,3,1,1,62703,0
3479,15736990,Chuang,537,Male,28,3,1,1,86911,0
3485,15643679,Goliwe,784,Male,28,2,2,1,179253,0
3487,15630661,Vasilyev,614,Female,25,10,1,1,58965,0
3491,15809137,Sagese,453,Male,29,6,1,0,198376,1
3497,15812324,King,779,Male,27,1,2,1,190623,0
3513,15657779,Boylan,806,Male,18,3,2,1,86995,0
3518,15757821,Burgess,771,Male,18,1,2,0,41543,0
3529,15612769,Carr,692,Male,28,5,1,1,70180,0
3530,15710853,Ts'ui,623,Female,24,5,2,1,116160,0
3537,15748034,Drakeford,534,Male,29,7,1,1,79178,0
3567,15741875,Williamson,746,Female,25,3,1,0,71911,0
3569,15672970,Chigolum,714,Male,20,3,2,0,150466,0
3577,15635285,Taylor,647,Male,28,8,2,1,91055,0
3578,15574296,Kambinachi,757,Male,23,2,2,1,93992,0
3585,15664227,Threatt,506,Male,28,8,1,0,24577,0
3586,15741745,Lane,757,Male,28,7,2,1,131249,0
3592,15621685,Davies,769,Male,29,2,2,1,84873,0
3607,15616922,Kelly,479,Female,26,1,2,1,19117,0
3612,15734246,She,746,Female,21,8,2,0,194564,0
3614,15770159,Nnanna,664,Male,25,6,2,1,108009,0
3618,15663446,Volkova,792,Female,29,4,1,1,18922,1
3624,15627162,Blesing,695,Male,27,6,1,1,105291,0
3632,15794841,Kung,739,Male,19,5,1,1,193009,0
3633,15684696,Lei,560,Female,26,3,1,1,157567,0
3635,15674442,Kung,681,Male,23,7,1,0,147760,0
3639,15684367,Chigbogu,555,Male,27,5,2,0,96399,0
3661,15736431,Congreve,494,Male,27,2,2,1,22405,0
3663,15628123,Robinson,632,Female,28,5,1,0,145158,0
3667,15725068,Quinn,701,Female,21,9,2,1,26327,0
3670,15576185,Sinclair,653,Male,29,2,2,1,41672,0
3671,15660809,Loving,850,Male,28,4,2,1,12409,0
3674,15606915,Genovese,764,Male,24,7,1,1,26844,0
3680,15593897,Carr,650,Male,25,7,2,1,28392,0
3681,15604576,Eiland,850,Male,22,3,1,1,144386,0
3687,15665327,Cattaneo,706,Male,18,2,2,1,129654,0
3699,15717935,McDonald,589,Female,21,3,2,0,55601,0
3701,15747345,Bergamaschi,678,Female,22,6,2,1,195424,0
3714,15657937,Lord,709,Male,22,0,1,0,155232,0
3717,15699492,Lorenzo,665,Female,27,2,1,0,187508,0
3723,15807961,Bruno,619,Male,25,4,1,1,145524,0
3727,15608344,Dawson,749,Female,29,7,3,1,102976,1
3728,15768367,Nebechukwu,781,Female,27,7,1,1,175071,1
3730,15697702,Lord,730,Male,29,2,2,1,14174,0
3738,15607577,Roberts,663,Male,27,8,1,1,188008,0
3742,15635396,Thompson,738,Female,29,9,1,1,141872,1
3752,15630106,Lo,496,Male,29,2,2,1,55390,0
3754,15578211,Connolly,777,Male,23,6,2,1,163225,0
3756,15620030,Jamieson,744,Male,29,1,1,0,82423,0
3766,15730273,Parsons,841,Male,27,8,1,1,171923,0
3768,15765952,Milanesi,769,Male,29,4,1,1,188383,0
3771,15568953,Alexeieva,477,Male,27,1,1,1,133173,0
3776,15709004,Mai,528,Male,22,5,2,0,962,0
3782,15701042,Dalton,596,Female,27,2,1,1,170321,0
3784,15599860,Warner,647,Female,26,8,1,1,136592,1
3788,15644174,Marchesi,638,Male,27,4,1,1,186524,1
3789,15707110,Endrizzi,660,Male,28,2,2,1,41759,0
3796,15581102,Baresi,554,Female,22,8,2,0,142671,0
3797,15578096,Nnachetam,537,Male,26,7,1,0,103563,0
3801,15685314,Noble,850,Female,28,2,2,1,38774,0
3818,15724251,Todd,682,Female,29,6,1,0,32590,1
3831,15720713,Chibueze,850,Female,29,10,2,1,199776,0
3838,15662533,Porter,598,Female,23,6,2,1,153229,0
3843,15717185,Udinese,711,Male,28,8,2,1,64286,0
3852,15697597,Chiemenam,631,Male,26,1,1,0,123698,0
3864,15645095,Huang,674,Female,28,3,1,1,51537,0
3867,15656840,Zikoranachukwudim,547,Female,29,6,1,1,37160,0
3872,15662091,Adams,570,Male,21,7,1,1,148088,0
3875,15624186,McGregor,813,Female,25,5,1,0,132959,0
3883,15568328,Black,488,Female,22,6,2,1,66394,0
3892,15748854,Sung,723,Female,28,5,1,1,143482,0
3896,15664734,T'ao,673,Female,25,3,2,1,103574,0
3897,15767894,Ch'ien,741,Female,21,9,2,0,139260,0
3906,15680436,Hsing,496,Female,29,4,2,1,164807,0
3919,15740283,Ewing,850,Male,29,1,2,0,152997,0
3927,15581280,Atkinson,714,Male,29,6,1,1,69578,0
3929,15609545,Azubuike,548,Male,29,5,1,0,177017,0
3933,15763798,McMillan,680,Male,23,5,1,0,31714,0
3938,15610165,Hsiung,761,Female,26,1,2,1,199409,0
3940,15654611,Parry,736,Female,25,9,2,1,136497,0
3943,15786167,Andreyeva,649,Male,20,5,2,1,58310,0
3951,15602841,Lockett,794,Female,28,5,2,0,86700,0
3962,15610781,Watt,702,Female,29,10,1,1,88550,0
3966,15775892,Caldwell,748,Female,23,8,1,0,134078,0
3970,15743673,Wood,551,Male,27,2,1,1,85130,1
3973,15668695,Endrizzi,536,Female,22,5,1,0,42934,0
3975,15621031,Mofflin,761,Male,27,8,2,1,63298,0
3977,15792180,Chiekwugo,566,Male,22,7,2,1,102246,0
3978,15813894,Bogle,620,Male,21,9,2,0,154883,0
3982,15575676,Chung,638,Male,24,1,2,0,162597,0
3986,15615091,Maitland,691,Male,24,6,2,1,92811,0
4000,15665062,Lucchese,696,Male,19,1,1,1,2767,0
4003,15811486,Tang,634,Female,29,8,2,0,69850,0
4004,15626141,Fedorov,750,Female,26,1,2,1,19922,0
4025,15758073,Dellucci,655,Female,20,7,1,0,28030,0
4030,15634218,Mancini,501,Male,27,4,2,1,132105,0
4040,15580134,Crawford,479,Male,27,2,1,1,40315,0
4048,15656707,Ma,720,Male,21,2,1,1,180712,0
4057,15797204,Paling,655,Female,28,3,2,0,76844,0
4058,15769272,Clark,510,Female,26,6,1,0,159742,0
4061,15593250,Hsiao,640,Female,29,4,2,1,44904,0
4069,15704910,Rios,631,Male,23,3,2,1,13813,0
4083,15669301,Romani,778,Female,29,6,1,1,62454,1
4095,15760880,Edman,513,Male,29,10,2,0,25515,0
4098,15663386,Tuan,597,Female,26,7,2,1,110253,0
4106,15701392,Lucciano,815,Male,28,6,2,0,185548,0
4110,15807768,Cohn,702,Male,28,1,1,1,40322,0
4116,15584505,Hill,580,Female,23,5,2,0,196241,0
4119,15782311,Feng,529,Male,28,9,2,1,52545,0
4121,15610105,Shen,666,Female,21,1,2,1,99818,0
4125,15608406,Schmidt,678,Male,26,5,1,1,60941,1
4133,15737571,Matveyev,540,Female,28,6,1,0,80699,0
4136,15789874,Wang,712,Female,29,3,2,0,166195,0
4147,15698246,Gordon,658,Female,24,2,2,1,84694,0
4160,15732268,Cook,751,Male,29,3,1,1,39934,0
4172,15748481,Howey,564,Female,27,6,1,0,7820,0
4174,15747808,Ni,712,Male,29,3,1,1,189681,0
4182,15675842,Pinto,656,Male,26,4,1,1,36309,0
4184,15625592,Sal,486,Male,26,2,2,1,31399,0
4187,15702175,Herrin,755,Female,29,4,2,1,28805,0
4205,15567557,Chien,573,Male,27,2,1,1,11631,0
4211,15731117,Kao,437,Male,28,2,1,1,152987,0
4213,15773512,Bischof,627,Female,25,4,1,1,194314,0
4215,15642710,Napolitani,686,Male,26,7,2,1,1541,0
4219,15782418,Ku,589,Female,19,9,1,1,143022,1
4220,15813504,Onyemachukwu,543,Female,25,1,1,0,161407,0
4222,15621064,Russell,701,Male,23,5,2,1,76611,0
4236,15609299,Chamberlain,595,Male,29,6,1,1,87771,0
4238,15736271,Dumetochukwu,498,Female,29,9,1,1,190036,0
4244,15622518,Stephenson,768,Female,26,5,1,1,70455,1
4249,15703292,Chimezie,573,Male,26,8,2,1,90177,0
4254,15599869,Dyson,728,Female,29,1,1,1,83056,0
4255,15592078,Davide,590,Female,27,8,2,1,1677,0
4256,15596228,Uwaezuoke,490,Male,29,4,2,1,32090,0
4258,15756894,Onwuka,635,Male,29,1,1,0,24866,0
4264,15750299,Davison,746,Male,24,10,1,0,47997,0
4291,15598884,Kent,650,Female,23,5,1,1,180622,0
4301,15633834,Milne,700,Female,28,3,2,0,146724,0
4318,15592194,Metcalf,492,Female,28,9,2,1,95957,0
4327,15764284,Torres,714,Male,27,3,3,1,129130,0
4331,15666652,Anayolisa,781,Female,19,3,2,1,124297,0
4332,15789714,Semmens,691,Male,21,3,1,1,104649,0
4339,15798439,Davidson,714,Male,25,2,1,1,132979,0
4345,15585427,Madueke,528,Female,26,10,2,0,166800,0
4348,15645271,Radcliffe-Brown,615,Male,24,8,2,0,179488,1
4353,15765192,Jones,564,Male,26,7,2,0,183491,0
4363,15618695,Ts'ui,571,Female,22,3,1,0,53329,0
4365,15727408,Koo,523,Male,27,8,2,1,147059,0
4370,15781495,Munro,662,Female,22,2,2,1,97383,0
4380,15808831,Dale,669,Male,29,7,2,1,138146,0
4395,15669175,Ts'ai,479,Male,24,6,2,0,169506,0
4396,15790324,Green,660,Female,20,6,1,1,57930,0
4407,15623450,Brown,637,Female,27,7,1,1,101418,0
4415,15657321,Arkwookerum,712,Male,27,8,2,1,147262,0
4416,15575955,Lujan,764,Female,24,0,2,1,88724,0
4418,15697270,Gannon,608,Male,27,4,1,1,199953,0
4423,15787014,King,648,Female,28,8,1,1,146852,0
4426,15805523,Nnaife,717,Female,28,1,1,0,74801,0
4428,15681180,Barese,771,Female,23,7,1,1,72991,0
4434,15724099,Udinese,674,Male,26,6,1,1,149369,0
4437,15664498,Golovanov,508,Male,26,7,1,1,156424,0
4438,15779522,Efimov,736,Female,24,0,2,1,109356,1
4440,15696539,Wade,613,Female,21,7,1,1,36561,0
4446,15736413,Hall,739,Male,29,1,2,1,164485,0
4460,15658158,Sullivan,672,Female,23,10,1,1,80779,0
4462,15701809,Cavill,749,Female,28,3,1,1,3409,0
4473,15683524,Tobenna,660,Female,23,6,2,0,90495,0
4474,15713532,Wang,646,Female,29,4,1,1,15471,0
4508,15587690,Madueke,592,Male,28,2,1,1,144290,0
4519,15642991,Tung,850,Female,29,7,2,1,23237,0
4522,15648898,Chuang,560,Female,27,7,1,1,114670,0
4543,15585455,Stewart,630,Male,28,9,2,0,32599,0
4553,15655648,Bock,610,Female,25,2,2,1,123724,0
4557,15796231,Nwankwo,681,Female,18,1,1,1,9596,0
4565,15669204,Grant,650,Male,23,4,2,1,69055,0
4568,15768530,Emery,554,Female,27,4,2,1,135084,0
4572,15761775,Myers,598,Male,20,8,2,1,29553,0
4574,15693906,Abbott,645,Female,24,3,1,1,11638,0
4576,15756926,Atherton,833,Male,29,1,2,0,48986,0
4587,15664895,Onuchukwu,602,Female,25,0,2,1,101274,0
4604,15671172,Swain,623,Male,23,1,2,0,191416,0
4605,15731760,Butcher,681,Male,25,5,1,0,90861,0
4618,15799932,Iweobiegbunam,812,Male,24,10,2,1,156906,0
4624,15699195,Shen,709,Female,24,3,1,1,168516,0
4640,15567078,Kovaleva,789,Female,27,8,1,1,79458,0
4643,15657449,Chukwuma,446,Male,25,3,1,1,176744,0
4647,15665008,Sidorov,805,Female,26,8,2,1,28862,0
4648,15581733,Bates,781,Female,28,4,2,1,177703,0
4652,15579996,Iroawuchi,524,Female,25,7,1,0,193668,0
4659,15805909,Bergamaschi,700,Male,28,8,1,0,22699,0
4665,15580719,Davis,697,Female,23,10,2,1,79734,0
4673,15641411,Volkova,756,Female,23,1,1,1,113408,0
4683,15568046,Izuchukwu,809,Male,24,7,1,1,183515,0
4691,15681990,Palmerston,497,Male,24,6,2,1,55859,0
4702,15629787,Tu,652,Male,27,10,2,0,44436,0
4706,15749489,Denisova,533,Female,22,10,1,0,43852,0
4708,15701281,Tan,511,Male,27,8,2,1,49089,0
4715,15611024,Kalinina,567,Female,23,9,1,0,81426,0
4717,15805764,Hallahan,646,Male,18,10,2,0,52795,0
4719,15675787,Rivera,505,Male,26,8,1,1,145012,0
4728,15641822,Barese,648,Female,19,1,2,0,22102,0
4750,15683027,Chang,570,Male,29,4,2,1,173793,0
4771,15761506,Russell,615,Male,19,5,2,1,159921,0
4786,15702138,Swift,510,Female,22,3,1,0,44374,0
4793,15809991,Ferrari,756,Male,19,4,1,1,133535,0
4796,15691387,Agafonova,483,Male,29,9,1,1,81634,0
4808,15753248,Tao,611,Male,28,2,2,0,25396,0
4812,15686941,Hutchinson,575,Female,26,7,2,1,112508,0
4817,15582841,Butusov,600,Male,29,8,2,0,34747,0
4818,15760090,Pisano,640,Male,28,7,2,1,131098,0
4820,15683157,Waring,613,Male,26,4,1,0,149654,0
4827,15713346,Panina,794,Male,24,10,1,1,88992,0
4837,15728078,Yeh,609,Male,26,10,1,0,43651,0
4838,15708256,Chien,803,Male,28,3,2,1,159654,0
4844,15736254,Ch'ang,654,Male,29,2,1,1,37066,0
4848,15624596,Trentini,534,Female,23,5,1,0,160176,0
4851,15593094,Goddard,516,Male,27,9,1,1,142681,1
4855,15574071,Muravyova,706,Male,23,2,2,0,127187,0
4858,15717995,Keen,849,Male,27,0,2,0,157892,0
4860,15647111,White,794,Female,22,4,1,1,107753,0
4862,15790204,Myers,663,Female,22,9,1,1,29136,1
4866,15734438,Kanayochukwu,590,Female,29,4,2,1,121847,0
4877,15585133,Wei,657,Female,27,8,2,0,6468,0
4879,15579433,Pugh,793,Male,29,8,2,0,192121,0
4894,15656263,Teng,764,Male,29,5,2,1,65868,0
4910,15787258,Ross,596,Female,29,6,2,1,116697,0
4923,15751203,Cattaneo,702,Male,26,5,2,1,100442,1
4933,15661548,Ferri,683,Female,29,0,1,0,129892,0
4937,15792986,T'ao,580,Male,24,1,1,1,17186,1
4952,15649793,Lovely,658,Male,20,7,2,0,187638,0
4974,15596962,Owens,617,Female,24,4,2,1,91195,0
4977,15717056,Pan,828,Female,25,7,1,1,116613,0
4982,15768137,Bray,667,Female,23,6,2,0,169669,1
4986,15742681,Liao,554,Male,26,4,1,1,8742,0
5017,15687903,Okonkwo,501,Female,29,8,2,1,112664,0
5022,15632793,Wilkinson,638,Female,29,9,1,1,15336,0
5035,15627741,Heath,631,Female,29,2,2,1,31613,0
5042,15619238,Allan,567,Male,29,8,2,1,156126,0
5046,15744691,Tsai,755,Female,29,3,3,1,4734,0
5047,15708289,Graham,793,Male,25,3,1,0,10580,0
5048,15790412,Norton,471,Male,26,8,2,1,179656,0
5054,15674433,Allan,636,Female,28,2,1,0,191628,0
5057,15690958,Cantrell,767,Male,23,2,1,0,28038,0
5060,15579915,Glennon,707,Male,29,4,2,1,139954,0
5066,15775709,Nucci,832,Female,27,10,1,1,30913,0
5067,15702631,Tang,567,Female,26,2,2,1,78652,0
5070,15740878,Yao,655,Female,29,9,2,0,85736,0
5073,15572657,H?,472,Male,29,8,1,0,181225,0
5076,15684921,Onuchukwu,792,Male,25,8,1,1,130639,0
5081,15764405,Williams,731,Male,29,10,2,1,162453,0
5097,15758692,Kao,669,Female,29,7,1,0,50249,0
5098,15568238,Diaz,650,Male,20,8,2,1,113470,0
5099,15730353,Olisaemeka,550,Male,29,9,2,1,147484,0
5101,15582404,Miller,572,Female,26,5,2,1,119381,0
5103,15632899,Nwankwo,662,Male,20,9,2,0,73108,0
5110,15576156,Abazu,710,Female,28,6,1,1,48427,0
5112,15742886,Ford,642,Male,26,1,2,0,117060,0
5113,15586135,Gratwick,536,Female,28,4,1,1,136198,0
5121,15701176,Brown,663,Male,26,5,1,1,440,0
5123,15655632,MacDonald,655,Male,27,2,1,1,49481,0
5124,15744606,Davidson,832,Male,29,8,1,0,10418,0
5141,15617790,Hanson,626,Female,29,4,2,0,41105,0
5145,15748069,Clunie,485,Female,25,3,1,1,113266,0
5154,15692259,Baresi,695,Female,29,9,2,1,111565,0
5168,15587174,Kerr,726,Male,29,7,2,1,91844,1
5176,15626322,Lees,699,Female,29,9,2,1,164757,0
5177,15723105,Feetham,756,Female,28,6,1,1,164395,0
5178,15588449,Chuang,591,Female,27,5,1,0,162502,1
5179,15794849,Aitken,850,Male,22,7,2,0,10541,0
5185,15677146,Obiajulu,728,Female,28,4,2,1,33075,0
5194,15767757,Pisano,562,Female,29,9,1,1,6796,0
5195,15791550,Kelly,696,Male,27,4,2,0,196111,0
5197,15670822,Palmer,719,Female,22,7,1,1,177497,0
5200,15726310,Mordvinova,782,Female,27,3,2,1,143614,0
5203,15713354,Morrice,597,Female,22,6,1,1,70529,1
5206,15735400,Kanayochukwu,756,Male,28,8,1,1,89938,0
5212,15662263,Castillo,749,Male,22,4,2,1,42242,0
5214,15783752,Lindsay,752,Male,29,4,1,1,102930,0
5216,15701280,Romano,576,Male,24,3,1,0,78498,1
5218,15796434,Farnsworth,724,Male,28,5,1,1,96498,0
5219,15781505,Giordano,685,Male,20,4,2,1,38691,0
5222,15654067,Koch,584,Female,29,4,2,1,88867,0
5223,15724719,Jones,550,Female,22,7,1,1,129891,0
5228,15725767,Milani,701,Male,23,3,2,1,38961,0
5229,15791925,Palermo,751,Male,29,10,1,0,94951,0
5237,15645184,Graham,701,Male,29,2,2,1,176944,0
5238,15702566,Lombardo,554,Male,26,8,1,1,177966,0
5241,15733842,Pirozzi,597,Female,24,1,1,1,60420,0
5251,15720820,Sabbatini,462,Female,24,9,2,0,64421,0
5254,15670496,Schwartz,655,Female,27,9,2,0,108008,0
5255,15746664,Ts'ui,463,Male,20,8,1,1,128268,0
5262,15814022,Lassetter,714,Female,26,9,1,1,46203,0
5266,15707488,Tan,560,Female,27,5,2,1,131919,0
5268,15710397,Lin,584,Male,26,4,2,1,147601,0
5269,15687648,Nicholson,691,Male,28,1,2,0,92865,0
5277,15694852,Arcuri,575,Male,29,4,2,1,50369,0
5281,15694129,Summers,569,Female,28,3,1,1,5159,1
5284,15799815,Bobrov,656,Female,23,4,1,0,21085,0
5290,15741195,Okechukwu,613,Male,19,5,1,1,176903,0
5293,15732610,Ahern,745,Female,28,6,2,1,154389,0
5296,15801788,McDonald,706,Female,29,6,1,1,171038,0
5304,15645766,Kosisochukwu,634,Male,25,9,2,1,8228,0
5306,15652469,Nevels,699,Male,27,1,2,1,93003,0
5320,15719779,May,645,Male,25,1,2,1,93073,0
5322,15639368,Pipes,732,Male,25,0,1,0,172577,0
5328,15641490,Windsor,850,Female,25,8,2,1,87834,0
5329,15680234,Bray,667,Male,27,2,1,1,166318,0
5331,15626212,Wark,616,Male,29,9,1,1,166984,0
5333,15782641,Brown,710,Female,29,3,1,1,188022,0
5335,15813681,Zito,786,Male,24,2,2,1,125449,0
5345,15566269,Chialuka,787,Male,25,5,2,1,47308,0
5353,15675749,Baranov,695,Female,23,1,2,1,141756,0
5356,15773751,Y?,597,Female,29,1,1,1,158086,0
5375,15607753,Alexandrova,606,Female,23,10,1,0,90896,0
5379,15720968,Young,606,Male,27,2,2,1,147533,0
5380,15730796,Barker,627,Female,21,7,1,1,169157,0
5384,15586425,Lo Duca,579,Male,28,4,2,1,176926,0
5385,15679813,Ellis,727,Male,28,1,1,1,40357,0
5388,15624072,Kiernan,669,Male,22,10,2,1,176164,0
5392,15733661,Illingworth,639,Female,27,8,2,1,6251,0
5404,15733169,Craig,590,Male,22,7,1,1,161253,0
5410,15690939,Howe,575,Male,28,7,1,1,10666,0
5411,15723613,Jenkins,623,Female,28,4,2,1,41228,0
5416,15747014,Pisani,850,Female,28,1,1,0,74780,0
5421,15583462,Graham,695,Male,28,5,2,1,88689,0
5431,15746028,Chu,714,Female,24,7,2,1,166335,0
5432,15582951,Crawford,696,Female,25,8,1,1,121904,0
5442,15602979,Lin,751,Male,29,1,1,1,66825,0
5444,15590199,Temple,701,Male,28,1,1,0,76305,0
5447,15785547,Slye,665,Male,28,8,2,1,83238,0
5454,15643819,Dawson,714,Female,25,4,2,0,82501,0
5463,15693162,Higgins,694,Female,29,5,1,0,112318,0
5470,15678571,Barber,723,Male,21,4,2,0,24847,0
5471,15736124,Thompson,617,Male,25,1,2,1,115387,0
5484,15666032,Mancini,568,Male,28,1,1,0,45612,0
5500,15649078,Christian,850,Female,27,8,2,1,110806,0
5504,15631739,Dunn,704,Male,24,10,1,1,127654,0
5516,15742534,Faulk,527,Female,28,2,2,1,155847,0
5535,15678725,Chamberlin,658,Female,29,8,2,0,130461,0
5539,15687094,Calabresi,717,Female,28,9,2,0,40438,0
5552,15800251,Elder,583,Female,26,10,2,1,96792,0
5568,15787222,Ch'in,676,Male,28,1,2,1,128461,0
5574,15628893,Power,681,Male,29,8,1,1,66367,0
5580,15578073,Barker,686,Male,22,8,2,0,142332,0
5587,15699446,Hobbs,816,Female,25,2,2,1,35771,0
5591,15681439,Tsou,775,Male,25,10,2,1,14073,0
5593,15670343,Li,576,Male,19,6,2,0,72306,0
5609,15605113,Sutherland,518,Female,27,1,1,1,143316,0
5611,15783816,Lori,733,Female,28,5,2,0,12761,0
5616,15775339,Lori,520,Female,29,8,1,1,4696,0
5617,15585256,Iloerika,805,Male,26,2,2,1,25042,0
5628,15695174,Chang,654,Male,29,4,1,1,146715,0
5630,15601503,Tokaryev,578,Male,28,4,2,0,6947,0
5634,15715877,Lo,821,Male,28,2,2,1,46073,0
5636,15746662,Maduabuchim,568,Female,27,1,1,0,45564,0
5638,15793343,Yeh,549,Female,29,8,2,1,189558,0
5641,15800514,Kenechukwu,477,Female,24,2,2,0,162700,1
5648,15615245,Shao,660,Male,19,5,1,1,40369,0
5650,15752956,Stanley,629,Male,29,6,2,1,88843,0
5653,15800620,Fitzgerald,691,Female,29,9,2,0,199636,0
5657,15736769,Lucchesi,663,Female,27,9,2,1,150850,0
5662,15613945,Andrews,472,Female,26,5,2,1,108412,0
5673,15622442,Mazzi,619,Male,29,5,2,1,194310,0
5675,15767598,Kent,540,Male,28,8,2,0,197588,0
5676,15757897,Binder,766,Female,26,3,1,1,428,0
5677,15568104,Zubarev,749,Female,26,6,2,0,34949,0
5683,15759290,Coleman,620,Male,29,9,2,1,13134,0
5685,15795132,Molineux,735,Female,25,3,1,0,28411,0
5689,15682021,Lai,471,Male,23,6,2,1,131736,0
5708,15649451,Yates,746,Male,25,9,2,0,88728,0
5720,15636520,Milani,692,Male,27,1,1,0,7900,0
5724,15680224,Ross,687,Female,26,6,2,1,32909,0
5731,15577683,Maclean,539,Female,29,4,2,1,100919,0
5734,15742798,French,829,Female,22,7,1,1,152108,1
5750,15770291,Allan,844,Female,29,8,2,0,147342,0
5757,15706217,Kao,645,Male,28,7,2,1,34490,0
5761,15785350,Austin,528,Male,23,7,1,1,170263,0
5770,15611612,Priestley,570,Female,29,0,1,1,37092,0
5785,15738063,Shen,631,Male,29,2,2,1,18582,0
5788,15634180,Holden,729,Male,26,4,2,1,39356,0
5791,15646351,Somerville,486,Male,27,7,2,1,28823,0
5820,15800366,Walton,546,Male,29,5,1,1,94824,0
5827,15737961,Miller,509,Female,29,0,2,1,92898,0
5832,15771270,North,635,Female,27,8,1,1,152916,1
5833,15607786,Mao,709,Male,26,6,1,0,4411,0
5837,15617419,Roberts,618,Female,29,10,2,1,32527,0
5844,15813327,Romani,710,Male,21,4,2,1,56192,0
5845,15711921,Scott,695,Male,29,5,2,1,6770,0
5847,15569945,Horsley,509,Male,29,1,2,1,69113,0
5851,15762091,Simpson,631,Female,22,6,1,1,63748,0
5853,15782100,Holloway,544,Male,22,3,1,0,110317,0
5873,15684248,Meng,658,Male,21,7,2,0,154280,0
5875,15693902,Hunt,597,Male,19,2,2,1,91037,0
5878,15758510,Frolova,474,Male,26,6,2,0,152491,0
5881,15718231,Gregory,537,Male,28,0,2,1,189840,0
5886,15723856,Gonzalez,602,Female,29,3,2,1,62488,0
5898,15709604,McMillan,781,Male,23,2,1,1,173843,0
5900,15793901,Capon,639,Female,27,2,2,0,125244,0
5901,15569759,Rawling,583,Female,27,4,3,1,163113,0
5904,15677317,Ankudinova,570,Female,29,4,1,1,131364,1
5915,15726058,Cattaneo,754,Male,27,7,2,0,87908,0
5919,15742609,Lombardo,600,Male,28,2,1,0,59905,0
5937,15773723,Duncan,588,Female,22,9,1,1,163535,1
5953,15657535,Pearson,590,Male,29,10,1,1,51908,1
5969,15603743,Tai,526,Male,28,1,1,0,126282,0
5970,15579714,Pan,542,Female,29,7,2,0,196652,0
5980,15698167,Kumm,677,Female,24,0,2,0,182914,0
5984,15767891,Findlay,619,Female,28,6,2,1,48475,0
5988,15636634,Lindon,630,Female,25,7,1,1,93524,0
5992,15723737,Pitcher,680,Male,27,3,1,1,32454,0
5998,15583033,Huguley,640,Female,20,4,2,0,78311,0
5999,15644212,Han,644,Male,28,0,2,1,119419,0
6004,15579892,Doyle,708,Male,19,7,1,1,4492,0
6005,15802088,Grant,521,Female,22,10,1,1,101312,0
6006,15589323,Law,636,Female,24,9,2,0,38831,0
6008,15712772,Onwubiko,757,Male,28,3,1,1,199728,0
6009,15700937,Romano,767,Female,24,5,2,1,67446,0
6013,15654183,Aitken,738,Female,26,3,2,1,67484,0
6025,15568834,Howells,698,Male,27,6,2,0,27654,0
6037,15687218,West,674,Female,27,4,1,0,50744,0
6039,15700964,Pollard,624,Female,27,7,1,1,167387,0
6040,15768887,Hsing,597,Male,26,5,2,0,95159,0
6043,15685872,Godfrey,727,Female,29,1,1,1,173486,0
6056,15623972,Wisdom,479,Female,23,9,1,0,95148,0
6057,15738627,Hussain,768,Male,25,6,2,1,21216,0
6065,15680399,Tung,772,Male,23,2,2,1,18364,0
6077,15721019,Jones,687,Female,24,3,1,1,158615,0
6088,15730759,Chukwudi,561,Female,27,9,1,1,153080,1
6090,15711316,Ch'ang,771,Male,27,2,2,1,199527,0
6091,15738785,Kang,545,Male,26,7,2,0,156598,0
6104,15571144,Ives,655,Male,28,10,2,0,126565,0
6107,15626044,Lettiere,762,Male,28,3,2,1,106024,0
6110,15710105,Stirling,581,Female,26,3,1,1,184520,1
6112,15803337,Baresi,648,Male,23,9,1,1,134677,0
6127,15790935,Johnson,535,Female,29,5,2,0,52710,0
6135,15769781,Nucci,699,Female,25,8,2,1,52404,0
6142,15809302,Wright,572,Male,24,1,2,1,151461,0
6144,15654096,Johnston,779,Female,24,10,2,1,43706,0
6146,15653065,Nwabugwu,530,Female,22,7,2,1,104170,0
6156,15694300,Fiorentino,759,Male,26,4,2,1,135395,0
6158,15612444,Manfrin,549,Male,29,3,2,1,146090,0
6160,15627995,Angelo,756,Female,26,5,1,0,135035,1
6161,15706128,Zhdanov,632,Female,21,1,2,1,84009,0
6164,15581323,White,488,Female,28,7,2,1,106799,0
6169,15644501,Enyinnaya,579,Female,26,10,1,1,18458,0
6170,15785290,Hao,542,Male,29,9,1,1,8342,0
6175,15760641,Gerald,608,Male,26,1,1,0,7064,0
6192,15747000,Shih,592,Male,27,3,2,1,19646,0
6194,15727198,Teng,689,Female,28,2,2,0,78591,0
6197,15576304,Bailey,698,Male,29,5,1,1,152723,0
6206,15616221,Wilson,497,Female,29,4,1,0,63233,1
6238,15778897,Cartwright,630,Female,28,1,2,1,133268,0
6239,15589437,Lu,466,Male,26,3,1,1,137476,0
6241,15626507,Chukwubuikem,558,Male,27,1,1,1,183271,0
6245,15725302,Streeton,670,Female,20,4,2,1,119759,0
6259,15726046,Johnston,712,Female,27,2,1,1,126809,0
6260,15585748,McDonald,585,Female,28,9,2,1,40386,0
6271,15702806,Martin,696,Male,24,9,1,0,10884,0
6281,15578546,Akobundu,491,Male,26,4,1,1,145901,0
6283,15761340,Bullen,521,Male,22,5,2,1,99828,0
6291,15622801,Brown,555,Female,27,8,1,1,116757,0
6292,15779886,Munson,563,Male,24,7,2,0,16320,0
6294,15783083,Shubin,534,Male,27,9,2,1,161344,0
6300,15575679,Lori,590,Male,24,7,1,1,58781,0
6308,15598510,Colombo,583,Male,27,4,2,1,195732,0
6310,15785342,Shipp,705,Male,25,9,2,0,112331,0
6312,15798429,Hernandez,741,Male,29,8,2,1,115995,0
6313,15648136,Green,658,Female,28,9,1,1,166683,0
6314,15812482,Young,575,Male,27,3,1,1,99844,0
6318,15654878,Yobanna,450,Male,29,7,1,1,43481,0
6320,15768340,Beavers,642,Female,19,3,1,1,176137,0
6325,15746012,Chibugo,729,Female,28,0,2,1,31165,1
6340,15700325,Onyeoruru,644,Female,24,8,1,1,35897,0
6350,15699507,Messersmith,542,Female,25,7,2,0,82393,0
6352,15794472,Brookes,553,Female,27,3,2,0,159800,0
6362,15675585,Burns,416,Female,25,0,2,1,160523,0
6365,15663421,Esposito,527,Male,28,6,2,1,79920,0
6383,15575060,Gardner,797,Male,24,5,2,1,182258,0
6393,15701352,Fanucci,611,Female,28,3,2,1,181419,0
6399,15591822,Mackenzie,593,Male,26,9,1,1,167565,0
6412,15791172,Yeh,672,Female,21,1,1,1,28790,0
6414,15734765,Mahmood,739,Female,20,4,1,0,150246,0
6415,15642912,Tu,618,Female,21,2,1,0,57762,0
6417,15789379,Zetticci,762,Male,26,6,1,1,173366,0
6419,15801924,Browne,754,Female,27,8,2,0,121821,0
6422,15579994,Shaw,616,Male,23,8,1,1,62733,0
6436,15754874,Nwoye,700,Male,26,4,1,1,141926,0
6451,15781409,Lazarev,834,Female,28,6,1,1,74288,0
6452,15722583,Benjamin,636,Female,29,6,2,1,101102,0
6456,15701522,Yermolayeva,711,Female,29,9,2,0,3235,0
6461,15688395,Lane,582,Male,29,4,2,0,156153,0
6466,15606855,Wang,730,Male,26,6,2,1,185809,0
6470,15775042,Ku,615,Female,23,4,2,1,196476,0
6474,15595557,Li,798,Male,22,8,2,1,107615,0
6481,15693704,Tsou,679,Female,24,6,2,0,135768,0
6486,15635197,Glover,640,Male,26,5,1,1,3299,0
6495,15752846,Pinto,699,Male,28,7,2,1,22685,0
6499,15770405,Warlow-Davies,613,Female,27,5,1,1,199105,0
6513,15795429,Henderson,487,Male,24,7,2,1,98570,0
6515,15625141,Porter,563,Male,26,7,2,0,6140,0
6529,15696506,MacDonald,604,Male,27,9,1,0,30252,0
6535,15590078,Burns,622,Male,27,9,1,1,152734,0
6544,15796218,Wei,814,Male,29,1,2,1,147694,0
6546,15572735,Chang,433,Male,27,2,2,1,153699,0
6547,15633840,Henderson,781,Male,20,0,2,1,108301,0
6564,15780359,Storey,643,Male,25,4,1,1,148099,0
6573,15574237,Hsueh,588,Female,21,8,2,1,110114,0
6579,15786078,Loginov,850,Female,28,9,2,1,185821,0
6584,15613180,Miranda,727,Male,21,8,1,1,163296,0
6585,15584229,Simon,671,Female,23,9,1,1,159553,0
6589,15693817,Ferrari,539,Male,28,5,2,1,48382,0
6596,15734948,Igwebuike,601,Male,24,7,2,0,144660,0
6597,15654531,Tuan,477,Male,22,5,2,0,163113,1
6599,15677141,Turnbull,586,Male,29,2,1,1,36177,0
6612,15715199,Estrada,568,Male,27,5,2,0,118648,0
6614,15679991,Kennedy,524,Female,28,7,2,0,147101,0
6616,15792934,Carruthers,661,Male,26,8,2,0,196876,0
6619,15756301,Daniels,636,Female,29,3,1,0,131924,0
6624,15610753,Cremonesi,581,Male,28,3,1,1,29938,0
6637,15792679,Troupe,575,Male,24,2,2,1,119928,0
6649,15731751,Osinachi,437,Female,26,1,1,0,78855,0
6654,15666559,Gould,608,Male,23,8,2,1,116124,0
6661,15765258,Bochsa,776,Female,29,5,2,1,143301,0
6668,15741921,Moon,622,Female,26,8,2,1,124965,0
6678,15737169,Johnson,642,Male,26,8,1,1,184400,0
6683,15680683,Simmons,640,Male,29,5,2,1,141454,0
6689,15814267,Zhdanova,550,Male,22,6,1,1,51722,0
6692,15651389,Kay,561,Male,24,8,1,0,180932,0
6694,15665784,She,637,Male,27,9,1,1,46787,0
6717,15805676,Hsu,515,Male,29,4,2,1,9771,0
6721,15647207,Onwuemelie,609,Male,26,7,2,1,98464,0
6723,15750602,Clendinnen,662,Male,29,5,1,1,10928,0
6734,15709741,Hussain,668,Male,28,4,1,1,193019,0
6743,15783463,Read,678,Female,26,1,2,1,45444,0
6750,15653404,Aliyev,684,Female,24,9,1,0,196574,0
6755,15688085,Warner,627,Female,28,3,1,0,34097,0
6759,15624975,Angelo,693,Male,28,1,1,0,77742,0
6762,15746183,Pye,573,Female,27,4,2,1,157550,0
6772,15621818,Anayolisa,747,Male,29,7,1,1,175398,0
6778,15770214,Bryant,754,Female,27,7,2,1,144135,0
6797,15713094,Tai,651,Female,25,8,2,1,126761,0
6810,15688868,Birdsall,684,Female,26,5,1,0,106096,0
6815,15665943,Mai,445,Male,25,6,2,1,119426,0
6821,15685019,Graham,528,Male,29,3,1,1,55973,0
6824,15708265,Chibugo,581,Female,24,10,1,1,102518,1
6833,15688498,Chu,594,Female,21,2,2,1,168186,0
6839,15680804,Abbott,850,Male,29,6,2,1,10673,0
6842,15793491,Cherkasova,714,Male,26,3,2,1,65483,0
6846,15734085,Crocker,465,Male,24,5,1,1,127744,0
6864,15765732,Simmons,564,Female,24,6,1,1,153772,0
6866,15598536,Onuchukwu,736,Female,26,0,1,0,188038,0
6873,15642816,De Salis,850,Female,27,7,2,1,3025,0
6875,15793883,Lo Duca,798,Male,28,3,2,1,2305,0
6880,15772618,Tyler,665,Male,25,7,1,0,112257,0
6881,15724453,Fan,570,Male,23,2,1,0,198831,0
6882,15565878,Bates,631,Male,29,3,2,1,197963,0
6886,15606849,Blackall,698,Female,27,1,1,1,40340,0
6888,15662641,Amadi,850,Male,19,8,1,1,68570,0
6890,15651020,Fiorentino,473,Female,25,6,2,0,46758,0
6895,15707441,White,690,Male,26,8,1,1,83253,0
6905,15627185,Terry,744,Male,29,6,2,1,141558,0
6917,15588235,Vasilieva,654,Female,24,8,1,1,130075,0
6919,15721116,Napolitano,597,Male,24,0,2,1,187826,0
6926,15618363,Muomelu,659,Male,29,9,1,1,84133,0
6942,15628950,Coates,501,Male,25,6,1,1,114774,0
6963,15683892,Fraser,677,Female,26,3,1,1,119369,0
6967,15689661,Gorbunov,663,Male,22,6,2,0,131827,0
6968,15644934,Gentry,466,Male,26,9,1,1,10842,0
6992,15752801,Bradshaw,518,Male,29,9,2,1,160303,1
6995,15589210,Adamson,557,Female,24,4,1,0,20516,0
7000,15776156,Dolgorukova,521,Male,27,4,1,1,164224,1
7001,15739548,Johnson,775,Male,28,9,1,1,149331,0
7010,15644446,Norton,672,Female,28,6,1,0,8815,0
7012,15609356,Chimaraoke,697,Female,25,1,2,0,87803,0
7018,15767729,Smith,646,Male,25,5,2,1,42538,1
7021,15786237,Pickworth,651,Male,28,7,2,1,824,0
7022,15694530,Porter,672,Male,28,4,1,1,169469,0
7024,15605791,Li,524,Male,29,9,2,1,32063,0
7027,15588123,Horton,677,Female,27,2,2,0,114686,0
7029,15618410,Murray,718,Male,26,7,1,0,51100,0
7045,15738487,Leworthy,678,Male,26,3,2,1,4989,0
7047,15737627,Rivero,589,Female,20,2,2,1,3530,0
7051,15720529,Schiavone,591,Male,29,6,2,1,108685,0
7068,15761854,Burn,746,Female,24,4,1,0,94105,0
7077,15766906,Salier,742,Female,25,4,2,1,129934,0
7078,15725776,Lazar,649,Male,24,7,1,0,133091,0
7101,15668830,Wan,650,Male,24,8,1,1,104493,0
7111,15681509,McKay,679,Female,28,9,2,0,61762,0
7114,15783859,Boni,733,Female,24,3,1,1,9617,0
7121,15603683,Ofodile,796,Female,23,3,2,0,125446,0
7127,15698271,Graham,523,Female,26,4,2,1,185489,0
7138,15764226,Lu,630,Female,28,8,1,1,20345,0
7161,15745375,Nnanna,640,Male,23,3,1,1,161333,0
7166,15709252,Fuller,616,Female,28,10,1,0,29835,1
7168,15732884,Trevisano,676,Male,29,7,1,0,189269,0
7178,15697310,O'Callaghan,559,Female,28,3,1,0,64242,0
7185,15762799,Alexander,720,Male,23,0,2,1,104120,0
7201,15593959,Travis,524,Male,28,1,1,1,51671,0
7206,15592914,Fang,683,Female,29,9,2,1,48850,0
7209,15596165,Degtyarev,547,Male,25,4,2,1,52310,0
7211,15800773,Ikenna,648,Female,28,9,1,1,157891,0
7213,15638989,Lettiere,711,Female,25,5,1,0,51345,1
7228,15566495,Hanson,704,Female,24,2,1,1,35600,1
7230,15635244,Ritchie,716,Female,29,6,2,1,98999,0
7250,15745804,Law,628,Male,25,7,2,1,195978,0
7251,15631451,Grant,604,Female,28,6,2,1,69056,0
7269,15587266,Douglas,606,Female,27,6,1,0,111449,0
7286,15725028,Chialuka,679,Male,29,3,2,1,63687,0
7299,15789865,Nnaife,620,Male,28,9,1,0,190208,0
7306,15794204,Manna,687,Male,28,7,1,1,27411,0
7308,15782159,Ndubuagha,850,Male,28,8,2,1,194245,0
7310,15793317,Hale,547,Female,22,7,1,1,118143,0
7324,15750476,Hendrick,742,Male,24,8,2,1,4070,0
7335,15759133,Vaguine,616,Male,18,6,2,1,27309,0
7337,15801072,Hurst,654,Female,28,7,2,1,151316,0
7345,15720725,Shubin,762,Male,28,2,2,1,167910,0
7347,15720644,Martin,789,Male,27,6,2,1,103604,0
7349,15813363,Woods,448,Male,25,2,2,0,95216,0
7351,15713160,Lin,669,Male,25,7,2,1,124383,0
7354,15736420,Macdonald,596,Male,21,4,2,0,197298,1
7358,15570947,Bruny,615,Female,29,7,2,1,126396,0
7370,15757188,Chimaijem,644,Female,26,4,2,1,82697,0
7377,15765093,Coates,704,Male,23,6,1,1,155823,0
7382,15573077,Nwora,620,Female,25,8,1,1,73858,1
7383,15735106,Bishop,647,Male,28,6,2,1,102325,0
7389,15808023,Remington,836,Female,29,9,1,1,153748,0
7391,15764922,Tu,596,Male,20,3,1,1,103456,0
7394,15757434,Yang,599,Male,28,7,1,0,31190,0
7395,15673747,Ayers,519,Female,22,8,1,0,167553,0
7408,15766663,Mahmood,639,Male,22,4,2,1,28189,0
7412,15698749,He,626,Female,23,6,1,1,109743,0
7416,15635598,Hsieh,812,Male,29,6,2,0,168024,0
7423,15746258,Wright,622,Male,29,7,1,1,8788,0
7438,15591248,Chukwumaobim,628,Female,29,9,1,1,34857,0
7440,15812918,Scott,432,Female,27,6,2,0,53875,0
7444,15707042,Dellucci,634,Female,24,2,1,1,63341,0
7445,15605276,Brothers,742,Female,29,4,2,1,180067,0
7452,15673907,Alexander,659,Male,20,8,2,0,112572,0
7457,15598614,Lucchesi,790,Male,20,8,2,1,168153,0
7460,15583724,Raymond,645,Female,29,4,2,1,74346,0
7469,15627328,Millar,542,Female,26,2,2,1,54870,0
7479,15711249,Chukwuemeka,544,Male,22,4,2,1,70008,0
7490,15789014,Scott,600,Female,26,6,1,1,82547,0
7493,15776545,Napolitani,682,Male,28,10,1,0,82873,1
7496,15589541,Sutherland,557,Female,27,2,2,0,4498,0
7498,15645820,Folliero,698,Male,27,7,2,1,111472,0
7506,15660528,Niu,659,Male,27,4,2,1,99342,0
7514,15632275,Trevisano,718,Male,29,2,1,1,126337,0
7521,15665087,Bergamaschi,595,Female,26,8,1,1,151192,0
7539,15728082,Vasiliev,601,Male,28,6,2,1,14665,0
7542,15649430,White,723,Male,28,4,2,1,123886,0
7546,15615176,Welsh,732,Male,26,7,2,1,154365,0
7548,15617991,Andrews,555,Male,29,4,1,1,47455,0
7570,15642448,Onyemauchechukwu,656,Male,28,8,1,1,137173,0
7577,15666096,Ibekwe,676,Male,27,4,1,0,107956,0
7584,15643574,Odinakachukwu,682,Male,26,8,2,1,178373,0
7594,15588019,Li Fonti,418,Male,28,7,1,1,122190,0
7598,15576680,Stevenson,736,Male,29,4,2,0,51705,0
7603,15791769,Gardener,691,Female,29,9,1,1,51988,0
7604,15712483,Chidi,608,Female,28,4,2,1,10900,1
7613,15599535,Howell,678,Male,28,5,1,1,54144,0
7617,15749964,Jones,610,Female,27,4,2,1,182720,0
7621,15629133,Black,579,Female,27,9,2,1,126839,0
7626,15689692,Walker,598,Male,19,3,1,1,173784,0
7629,15624423,Liu,850,Male,28,8,1,1,196583,0
7636,15702030,Azarov,516,Female,29,2,1,1,157379,0
7639,15769356,Stevenson,520,Female,23,3,2,1,37578,0
7645,15613673,Lung,675,Male,28,9,1,1,134111,0
7648,15674583,Trevisani,768,Male,25,0,1,1,8316,0
7653,15569394,Bailey,704,Male,24,2,2,1,182775,0
7667,15813192,Chukwuemeka,494,Male,25,6,2,0,109988,0
7668,15606554,Douglas,797,Male,29,1,1,0,149991,0
7671,15711759,Wilkins,576,Female,29,5,1,1,126469,0
7675,15660871,Ch'ang,665,Male,28,8,1,1,90175,0
7681,15665181,Chung,808,Male,25,7,2,0,23180,0
7683,15805261,Balashov,700,Male,29,8,2,0,152097,0
7684,15740356,Palmer,660,Male,26,4,1,0,162443,0
7702,15702801,Ts'ao,677,Female,29,3,1,0,91904,1
7706,15647306,Gibbs,777,Female,29,9,1,1,163746,1
7723,15570086,Lynch,684,Male,18,9,1,0,4777,0
7743,15571940,Afamefula,579,Male,22,3,1,1,49830,0
7748,15628308,Akubundu,850,Female,24,6,2,1,13160,0
7751,15805162,Sutherland,550,Male,25,0,2,1,184221,0
7754,15777616,Pisani,605,Male,28,10,1,1,33114,0
7769,15726695,Hsia,601,Female,20,9,2,1,86792,0
7770,15757473,Chukwujamuike,766,Female,27,7,2,0,47579,0
7771,15809509,Venables,699,Male,29,3,1,1,151624,0
7772,15715512,Hsia,850,Male,29,1,1,1,164040,0
7778,15638730,Macleod,711,Female,21,0,2,0,1409,0
7779,15697034,Norris,583,Female,22,2,2,0,5985,0
7786,15750547,Bair,738,Male,26,9,2,1,48645,0
7791,15607176,Kang,674,Male,22,3,1,1,173941,0
7795,15714883,Genovese,508,Female,25,2,1,0,48197,0
7807,15750410,Jordan,680,Female,25,4,1,1,90162,0
7813,15695280,Hung,532,Male,24,8,1,0,34231,0
7819,15637977,Barese,542,Male,25,8,1,0,54372,0
7820,15600792,Swayne,613,Male,29,0,2,0,133897,0
7822,15686588,Manfrin,777,Female,28,2,1,0,118313,0
7826,15802758,Chinwendu,594,Female,23,4,2,1,56757,1
7840,15606003,Abramowitz,566,Female,21,3,2,1,3626,0
7847,15755416,Hart,557,Female,27,3,1,1,123097,0
7848,15769915,Charlton,643,Female,20,0,1,1,3966,0
7858,15621457,Chu,850,Male,27,6,2,0,152740,0
7859,15764726,Kerr,563,Male,22,3,1,0,5792,0
7860,15646374,Wynne,766,Female,28,3,2,1,13182,0
7862,15589948,Disher,607,Male,28,1,2,1,110560,0
7869,15666453,Moore,611,Female,29,4,2,1,26928,0
7871,15569867,Chinweuba,529,Female,29,8,2,1,19842,0
7902,15622182,Daniels,628,Female,28,3,2,1,110776,0
7911,15615177,Ebelegbulam,561,Male,28,6,1,1,70549,0
7912,15809906,Mitchell,558,Male,26,1,2,1,24411,0
7914,15649450,Repina,805,Male,24,6,2,1,186036,0
7937,15617401,Thomson,468,Male,22,2,2,1,28124,0
7940,15761717,Ch'ien,720,Male,26,10,2,1,45507,0
7941,15628008,Monds,781,Female,29,6,1,0,112203,0
7949,15592854,Garcia,705,Male,25,3,1,0,196865,0
7980,15627042,Reilly,555,Female,26,7,2,1,93122,0
7981,15627517,Taylor,497,Male,27,7,1,0,167522,0
7986,15678427,Genovese,696,Female,27,2,2,1,5984,0
7995,15713440,Barese,519,Female,21,1,3,1,170139,1
7997,15709639,Wilson,717,Female,22,5,1,1,92978,0
7998,15601719,Fiorentino,465,Male,24,6,1,1,191368,0
7999,15772482,Iloerika,829,Male,28,3,3,1,104889,1
8000,15591489,Davison,826,Male,26,5,1,0,60285,0
8016,15778694,Sievier,638,Female,26,1,2,1,23491,0
8019,15616676,Donnelly,632,Male,23,3,1,1,147231,1
8026,15571873,Sung,655,Male,24,9,1,1,51960,0
8037,15807221,Weaver,555,Male,21,1,2,0,103901,0
8045,15717489,Martin,835,Male,23,9,1,1,19794,1
8054,15800524,Nnanna,686,Male,29,3,1,1,64679,0
8065,15748882,Reid,714,Male,29,9,2,1,129193,0
8068,15696834,Cone,530,Female,29,5,2,0,121451,0
8069,15797710,Saunders,619,Male,29,4,1,0,131713,0
8075,15789557,Howell-Price,817,Female,27,7,1,1,59259,0
8084,15684011,Miller,576,Male,29,7,1,0,173630,0
8085,15736146,Afamefula,608,Male,28,4,1,1,49133,0
8090,15623357,Onio,692,Male,24,2,1,0,180491,0
8092,15715510,Eluemuno,768,Male,29,2,2,1,73687,0
8119,15720203,Arcuri,577,Male,28,7,1,1,143274,0
8133,15607485,Wakelin,692,Female,29,4,2,0,138880,0
8136,15716605,Chukwufumnanya,710,Female,24,7,2,1,173277,0
8142,15571843,Lawrence,486,Male,24,1,1,1,98803,0
8144,15609058,Wan,676,Male,23,1,1,0,116379,0
8151,15738936,Stevenson,760,Male,29,5,2,0,86335,0
8154,15692106,Rose,606,Female,25,3,3,1,45482,1
8160,15637427,Lu,461,Female,25,6,2,1,15306,0
8161,15576990,Taplin,790,Female,25,5,1,1,58215,0
8163,15647333,Fleming,621,Male,27,4,1,1,21254,0
8168,15793135,Wang,713,Female,24,7,1,1,121593,0
8170,15689517,Hales,635,Male,27,3,1,1,161910,0
8176,15606601,Rishel,561,Female,22,6,2,1,73287,0
8180,15576077,Kelly,610,Female,27,9,1,0,103381,0
8182,15566790,McIntyre,598,Male,28,8,2,0,46041,0
8190,15613292,Ch'eng,715,Male,21,8,2,1,68667,0
8203,15747647,Iadanza,589,Female,27,4,2,1,144181,0
8209,15636551,Nixon,711,Female,29,3,2,1,31811,0
8223,15791304,Ch'ang,604,Male,25,7,1,1,35280,0
8224,15603328,Lucchesi,483,Male,27,1,1,1,2102,0
8233,15732704,Piazza,582,Male,25,9,2,1,52341,0
8244,15572174,Mazzi,825,Male,29,3,2,0,71193,0
8247,15608726,Miracle,663,Male,24,7,2,1,166311,0
8248,15637366,Su,505,Female,25,5,2,1,126728,0
8249,15778049,Wyatt,633,Male,29,6,1,0,30339,0
8255,15664311,Yang,637,Male,28,3,1,1,166458,0
8283,15696552,Newman,747,Female,21,4,2,1,167683,0
8286,15572631,Ndubuisi,609,Male,25,10,1,0,109895,0
8287,15636069,Plummer,632,Male,28,7,1,1,1843,0
8294,15770711,Lu,766,Female,28,4,1,0,21597,0
8310,15599976,Bellasis,749,Female,27,9,2,1,132735,0
8318,15670163,Verjus,666,Female,27,4,2,0,88751,0
8326,15682489,Crumbley,605,Male,27,9,2,1,198092,0
8341,15695197,Tochukwu,553,Female,25,7,2,1,20682,0
8348,15757759,Okwuoma,807,Female,28,7,3,1,156122,1
8357,15792004,Heath,731,Female,26,3,2,1,37697,0
8360,15577107,Milne,657,Female,22,6,3,0,168412,1
8372,15661034,Ngozichukwuka,813,Female,29,5,1,0,187977,1
8374,15785167,Padovano,795,Male,29,4,2,0,155712,0
8383,15612594,Ifeanacho,599,Male,25,3,2,1,120790,0
8390,15715345,Sergeyeva,743,Male,25,6,2,1,129740,0
8398,15720155,Tao,630,Male,29,6,1,0,9324,1
8404,15707219,Hopman,844,Female,28,4,2,0,123318,0
8407,15578747,Chineze,701,Male,26,5,1,0,59195,0
8408,15675626,Dawson,726,Male,28,2,1,0,98061,0
8413,15575147,Wall,699,Male,22,9,1,1,68298,1
8415,15648367,Lo,600,Female,29,6,2,1,96051,0
8418,15689288,Folliero,630,Female,26,5,2,1,182612,0
8420,15775809,Holloway,677,Female,26,6,1,0,151147,0
8421,15743076,Pai,669,Male,29,9,1,1,93902,0
8425,15775703,Lo,702,Male,26,2,1,1,108747,1
8426,15642636,Glossop,755,Male,29,9,1,1,21862,0
8427,15704651,Bishop,514,Male,26,1,2,0,121552,0
8430,15681671,Nkemjika,850,Male,28,2,2,1,35337,0
8438,15591428,Myers,781,Male,29,9,2,0,172097,0
8440,15692931,Hsing,670,Male,22,2,1,1,37393,0
8442,15677136,Okwukwe,624,Female,23,5,2,0,132419,0
8444,15567897,Chiazagomekpere,619,Male,23,5,1,1,143913,0
8446,15678333,Parry-Okeden,683,Female,26,7,2,1,86620,0
8452,15580043,Murray,575,Female,22,8,1,1,34397,0
8460,15760063,Chiedozie,595,Male,23,7,2,1,168086,0
8461,15658982,Napolitani,650,Female,28,5,3,0,146663,1
8469,15672983,Fernando,678,Female,27,5,2,1,149551,0
8471,15582847,Yermakova,662,Male,26,0,2,0,72930,0
8481,15597591,Lung,456,Male,29,5,1,1,153420,0
8486,15724269,Yao,670,Male,25,7,2,1,144723,0
8493,15804104,Romani,494,Male,28,9,2,0,79480,0
8502,15797197,Macleod,678,Male,29,6,2,1,64444,0
8506,15791535,Caraway,592,Male,28,5,1,0,39609,0
8509,15616833,Wang,678,Male,27,2,2,1,13221,0
8512,15770091,Edwards,643,Male,28,9,2,1,27149,0
8514,15740602,Boyle,674,Female,27,4,1,0,22026,0
8515,15796071,Loane,657,Male,29,7,1,1,153060,0
8518,15671800,Robinson,688,Male,20,8,2,1,197583,0
8520,15633525,Payne,631,Male,29,7,2,0,125877,0
8523,15619892,Page,644,Male,18,8,2,1,59172,0
8526,15751084,Mancini,712,Female,29,8,1,1,38170,0
8527,15768945,Chibueze,627,Male,27,1,1,1,105887,0
8540,15668594,Diggs,620,Female,25,1,1,1,76197,0
8553,15749345,Simpson,468,Female,22,1,1,1,194783,0
8555,15699095,Chandler,603,Female,24,3,1,1,198826,1
8556,15638329,Uspensky,522,Male,25,1,1,1,168684,0
8561,15599386,Black,627,Male,28,5,1,1,130504,0
8571,15711457,Herz,755,Female,28,7,1,0,188851,0
8574,15794159,Highett,633,Female,26,8,1,1,60117,0
8585,15732967,Cremonesi,731,Male,19,6,2,1,151582,0
8589,15742809,Mironova,712,Female,29,7,1,1,122548,0
8596,15668774,Chiemenam,758,Female,23,5,1,1,102461,1
8611,15731553,Lucas,730,Male,23,8,2,1,183285,0
8614,15577018,Tsao,684,Female,26,2,1,0,96885,0
8617,15725076,Anderson,653,Female,27,6,2,1,33389,0
8630,15577598,Chiang,651,Male,23,4,2,1,70401,0
8636,15608701,Chialuka,651,Male,29,3,1,1,54531,1
8639,15587573,Castiglione,626,Male,27,4,2,0,26907,0
8645,15605673,Liang,716,Female,29,8,2,0,78617,0
8646,15669282,Uchechukwu,636,Female,20,10,1,0,100567,0
8647,15792726,Sung,470,Female,25,8,2,1,183259,0
8651,15731865,Unwin,637,Male,27,1,2,1,91291,0
8660,15770631,Sutherland,730,Male,25,5,1,1,56308,0
8661,15790594,Bednall,535,Female,27,6,2,0,49776,0
8679,15633227,Kenechukwu,518,Female,28,9,1,0,2804,0
8685,15783097,Lombardo,813,Male,27,6,1,1,46422,0
8701,15627637,Obioma,709,Male,23,8,2,1,63446,0
8721,15645059,Crace,711,Female,28,8,2,0,105160,0
8722,15689671,Packham,775,Male,27,4,1,1,40807,0
8726,15703394,Hawes,633,Male,27,3,2,1,44009,0
8733,15711386,Trentini,724,Female,29,6,2,0,64730,0
8741,15570908,Harding,687,Female,29,7,1,0,113051,0
8742,15762855,Hill,622,Female,23,8,2,1,131389,0
8744,15746035,Pagnotto,450,Male,25,9,2,0,195463,0
8746,15793424,Tan,663,Female,28,8,2,1,136054,0
8748,15667216,Chung,579,Female,29,10,2,1,129209,0
8768,15585466,Russo,552,Male,29,10,2,1,12187,0
8778,15723064,Kistler,603,Male,24,1,2,1,21858,0
8783,15809057,Lu,600,Female,27,6,2,1,172031,0
8786,15801293,Ni,850,Male,27,1,2,1,26265,0
8787,15770968,Leason,741,Female,19,8,2,1,24857,0
8792,15783276,Forbes,725,Female,25,9,2,1,168608,0
8795,15578671,Webb,706,Female,29,1,1,1,133268,1
8799,15630349,Hollis,543,Male,23,5,2,1,117832,0
8811,15699047,Chukwuemeka,674,Female,21,9,2,1,33964,0
8813,15773146,Rubeo,652,Male,26,3,2,0,168990,0
8814,15770375,Fanucci,850,Female,26,8,1,1,74425,0
8827,15570194,Ikemefuna,412,Male,29,5,2,0,12511,0
8843,15610226,Fenton,614,Female,27,9,2,0,77501,0
8849,15734714,Nash,559,Female,29,3,1,1,82252,0
8857,15759733,McMillan,774,Female,26,5,2,1,64716,0
8861,15725762,Kemp,808,Male,24,4,1,1,174107,0
8865,15599124,Miller,832,Female,29,5,2,1,178780,0
8878,15696371,Thomas,812,Female,24,1,1,0,83247,0
8882,15618647,Kornilova,744,Male,29,1,1,1,119328,0
8884,15707696,Lu,471,Female,28,5,2,1,22357,0
8889,15637788,Schmidt,743,Male,23,3,1,1,95583,0
8910,15705085,Quesada,670,Female,29,9,2,1,27359,0
8913,15637354,Yobachukwu,623,Female,24,7,2,1,109470,0
8927,15709136,Adams,620,Male,28,8,2,1,199909,0
8929,15567855,Chukwufumnanya,623,Female,29,1,2,0,39382,0
8933,15700394,Palermo,713,Female,26,4,2,1,144682,1
8947,15572294,Kelly,623,Male,28,7,1,0,129527,0
8952,15636388,Abrego,702,Female,23,7,1,1,114604,0
8960,15627195,Parrott,568,Male,26,1,2,1,22096,0
8961,15657957,Hughes,602,Female,26,8,1,1,197861,1
8968,15579131,Ricci,835,Male,25,7,2,1,83450,0
8977,15796617,McGregor,720,Male,29,2,2,1,39926,0
8985,15726289,Cawood,645,Male,25,0,1,1,42669,0
8991,15729065,Mackay,784,Male,28,2,2,1,170830,0
8996,15580623,Yefremova,573,Male,28,8,2,0,77660,0
9007,15756118,T'ao,661,Male,20,8,1,1,110253,0
9023,15694995,O'Sullivan,712,Male,23,2,2,0,66796,0
9024,15723400,Hutchinson,663,Male,28,4,2,1,123970,0
9026,15574743,Chiu,577,Male,29,2,1,1,168924,0
9030,15722701,Bruno,594,Male,18,1,1,1,167690,0
9033,15658435,Hingston,781,Female,27,5,2,0,72970,0
9043,15689594,Su,731,Male,29,5,1,0,112010,0
9046,15749951,Sacco,766,Male,27,5,1,1,177614,1
9047,15648178,Lettiere,630,Female,23,4,1,0,174571,0
9071,15656937,Johnston,468,Male,26,1,1,1,64436,0
9077,15648858,King,666,Female,27,1,1,0,64511,0
9080,15730488,Richmond,516,Female,27,1,1,0,112311,0
9087,15743545,Nworie,647,Female,29,2,2,1,179033,0
9100,15768881,Saunders,738,Male,29,2,2,1,170421,0
9104,15728362,Robertson,671,Female,29,3,2,1,158043,0
9111,15727391,Collier,688,Male,29,9,2,1,143455,0
9114,15760662,Francis,521,Female,29,2,1,1,995,0
9119,15804052,Scott,710,Male,23,6,2,1,134188,0
9123,15748595,Stanton,689,Female,29,1,2,1,122998,0
9132,15737705,Avdeyeva,775,Female,27,4,1,1,104112,0
9137,15688984,Belonwu,595,Male,20,4,1,1,177739,0
9140,15779904,Yobanna,597,Female,29,5,2,1,174826,0
9141,15784323,Gallo,449,Female,21,7,2,0,175744,0
9151,15602030,Ramirez,717,Male,28,4,1,1,54272,0
9153,15611315,Ts'ao,708,Female,23,4,1,1,103698,0
9155,15690337,Chinwenma,581,Female,27,5,2,1,194682,0
9161,15753679,Mullawirraburka,778,Male,24,4,2,1,162809,0
9168,15645353,Chubb,607,Male,26,1,1,1,29818,0
9178,15770548,Lucchese,453,Female,28,3,1,1,136847,0
9183,15665579,Cartwright,597,Female,28,0,1,1,127233,0
9189,15778192,Nkemdilim,628,Male,28,4,2,1,176751,0
9194,15631512,Schneider,597,Female,26,8,1,1,42331,0
9196,15710315,Chukwukadibia,529,Male,29,4,1,0,112814,1
9199,15670266,Shih,499,Female,28,4,1,1,22002,0
9200,15609083,Tretiakova,544,Female,26,6,1,1,100200,1
9210,15570681,Chiang,560,Male,24,1,1,1,89735,0
9223,15620750,Sugden,559,Male,28,3,1,1,15607,0
9227,15779913,Davidson,586,Male,27,5,2,1,192427,0
9236,15586680,Fleming,462,Male,27,4,1,1,80587,0
9245,15697249,Lettiere,546,Female,25,3,1,1,131647,0
9247,15682523,Chigozie,762,Male,20,1,1,1,85607,0
9248,15650244,Bezrukov,786,Male,29,7,2,1,64946,0
9259,15652674,Hou,539,Male,20,0,1,1,146753,0
9269,15785183,Chukwuebuka,596,Male,29,2,2,1,1591,0
9271,15712903,Diaz,499,Female,21,3,1,1,153920,0
9278,15604832,Hsia,633,Male,29,7,1,1,130225,0
9284,15752186,Padovano,562,Female,27,3,2,1,28137,0
9287,15586523,Paten,720,Female,29,7,1,1,69904,1
9299,15648047,Williamson,742,Male,27,5,2,0,21794,0
9300,15766826,North,824,Male,26,7,1,1,21904,1
9309,15728683,Lombardo,742,Male,27,0,2,0,131535,0
9320,15575486,Okoli,529,Female,27,1,2,1,37770,0
9332,15659305,Webster,605,Male,19,8,1,1,107995,0
9335,15777217,Somadina,641,Male,25,10,2,1,180808,0
9340,15722845,Meldrum,665,Male,29,1,2,1,63733,0
9342,15702061,Findlay,654,Male,29,7,2,1,149184,0
9343,15694321,Su,619,Female,28,3,2,1,53394,0
9345,15720050,Barrett,727,Female,28,2,1,1,101434,0
9359,15729359,Chambers,837,Female,29,9,2,1,41866,0
9366,15753229,Genovese,802,Male,29,9,1,1,134459,0
9369,15670492,Gordon,737,Male,28,8,2,1,106390,0
9378,15709447,Reed,584,Female,26,0,1,1,105105,0
9380,15626042,Webb,690,Female,26,2,2,1,93256,0
9384,15739997,Capon,716,Female,23,2,2,0,185901,0
9408,15652835,Liang,419,Female,27,2,1,0,134721,0
9413,15724648,Chikezie,725,Male,26,6,1,0,133721,0
9419,15643794,Bennett,639,Female,27,2,1,1,82939,0
9420,15798605,Tien,686,Male,26,1,1,1,79189,0
9421,15637324,Kay,657,Female,28,7,2,0,5178,0
9424,15757385,Milne,578,Female,28,8,1,1,177835,0
9432,15598948,DeRose,523,Female,24,5,1,0,155144,0
9433,15574142,Chuang,458,Female,28,2,2,1,9578,0
9438,15804864,Chu,670,Female,27,5,1,1,26170,0
9441,15584156,Siciliani,593,Male,27,10,3,0,94620,1
9446,15731951,Reilly,689,Female,28,5,1,1,6130,1
9450,15615444,Y?an,663,Male,28,8,2,1,87985,0
9452,15571586,Briggs,524,Male,29,3,1,1,2705,1
9453,15748616,Napolitani,599,Male,27,5,2,1,30546,0
9454,15769402,Carpenter,667,Male,27,7,1,1,149403,0
9458,15797822,Kingsley,678,Male,28,2,1,1,58814,0
9464,15714789,Perez,664,Male,24,7,1,0,35611,0
9470,15674573,Gearhart,713,Female,25,4,1,1,56269,0
9471,15694859,McLean,751,Female,28,10,2,1,46630,0
9472,15776404,Williamson,523,Male,22,8,1,1,124907,0
9498,15617454,Ifeatu,684,Female,25,1,2,0,144978,0
9500,15700813,Igwebuike,522,Female,25,5,2,1,103269,0
9501,15645600,Obidimkpa,739,Female,27,8,1,1,106970,0
9502,15634146,Hou,835,Male,18,2,1,1,117633,0
9503,15686743,Moody,790,Male,29,3,2,1,189778,0
9506,15571281,Ts'ao,651,Male,28,10,1,1,74687,0
9509,15618950,Lo Duca,644,Male,26,8,2,1,138776,0
9510,15609804,Hyde,688,Male,29,1,2,1,154696,0
9511,15735849,Kanayochukwu,617,Female,26,2,2,0,168834,0
9515,15565879,Riley,845,Female,28,9,2,1,56186,0
9520,15782121,Leonard,610,Female,27,2,2,1,14547,0
9521,15673180,Onyekaozulu,727,Female,18,2,2,1,126172,0
9527,15665521,Chiazagomekpele,642,Male,18,5,2,0,10064,0
9533,15643828,Teng,592,Male,29,7,2,1,91197,0
9539,15572767,Shelby,777,Male,29,2,2,1,124490,0
9540,15590337,Golubov,659,Male,29,6,1,1,56971,1
9547,15777033,Chizoba,524,Male,29,7,2,1,105449,0
9555,15593778,Craig,779,Female,29,3,3,1,127939,1
9564,15624374,Maclean,703,Male,28,9,2,0,2151,0
9568,15696733,McKenzie,724,Male,29,4,1,1,8983,0
9573,15641688,Collier,644,Male,18,7,1,0,59645,1
9582,15709256,Glover,850,Female,28,9,2,1,164865,0
9587,15786418,Chiu,546,Female,20,6,1,0,20509,0
9593,15766066,Nikitina,668,Female,28,1,1,0,114258,0
9598,15730441,Dodd,509,Male,26,10,2,1,6178,0
9606,15733444,Phillips,736,Female,29,9,2,0,176153,0
9608,15806918,Ireland,674,Male,28,5,1,1,151925,0
9619,15693131,Watts,581,Female,24,3,1,1,45755,0
9627,15665158,Chukwuemeka,813,Male,27,1,1,0,115733,0
9629,15596624,Topp,662,Female,22,9,2,1,44378,0
9635,15580805,Marino,655,Male,27,10,2,1,51621,0
9673,15723013,Sutherland,613,Male,28,7,2,1,185483,0
9679,15718064,Chia,635,Male,29,2,2,0,117174,0
9680,15605067,Nwachinemelu,472,Male,19,9,2,1,3453,0
9695,15659710,Lascelles,581,Male,25,5,2,1,150319,0
9700,15570145,Long,763,Female,23,2,2,1,153984,0
9705,15759872,L?,625,Male,22,9,2,1,157073,0
9709,15604515,Yefremov,737,Female,22,10,2,0,106328,0
9730,15615330,Tretiakova,651,Male,23,10,2,1,170099,0
9732,15627859,Nebeolisa,607,Male,29,7,1,1,163257,0
9738,15741197,Calzada,710,Male,22,8,3,1,107293,0
9740,15797293,Sopuluchukwu,677,Female,25,3,2,1,179609,0
9741,15572021,Ts'ao,798,Female,29,8,2,1,70223,0
9749,15680201,Marcelo,627,Male,24,5,2,1,56793,1
9753,15781530,Hsieh,690,Male,21,8,2,1,155783,0
9760,15790093,Aguirre,627,Female,27,2,2,1,125451,0
9763,15734917,Castiglione,708,Male,21,8,2,1,50294,0
9764,15643903,Yao,619,Male,27,1,1,1,156395,0
9776,15744041,Yobanna,780,Female,26,3,1,1,117144,0
9777,15700714,Hollis,747,Male,29,7,2,1,141706,0
9783,15728829,Weigel,509,Male,18,7,1,1,171771,0
9786,15609187,Cox,455,Female,27,5,2,0,70775,0
9789,15571756,Ohearn,724,Female,28,5,1,1,59352,0
9793,15787168,Y?,819,Female,28,8,1,1,102799,0
9795,15659364,Thompson,685,Male,23,5,1,0,141152,0
9797,15794236,Thorpe,642,Male,22,10,2,1,183045,0
9811,15705994,Udinese,712,Male,27,10,1,1,94545,0
9814,15691170,Vasilyeva,590,Female,29,10,1,1,129629,0
9822,15629793,Banks,652,Male,28,8,2,1,198252,0
9824,15622658,Lai,551,Female,26,2,1,1,49779,0
9825,15658980,Matthews,711,Male,26,9,1,1,19262,0
9826,15701936,Bell,467,Male,28,10,1,1,32349,1
9841,15607877,Maclean,576,Male,26,8,2,0,34101,0
9844,15778304,Fan,646,Male,24,0,1,1,18897,0
9847,15596405,Udinese,546,Male,25,7,2,1,105280,0
9851,15626012,Obidimkpa,459,Male,26,4,1,0,50016,0
9852,15792077,Degtyaryov,671,Male,28,8,2,1,125423,0
9856,15797502,Lord,706,Male,24,2,1,1,24403,0
9863,15651958,Giles,756,Male,27,8,2,1,157933,0
9867,15632446,Allan,667,Male,24,4,2,0,180330,0
9888,15646310,Mao,684,Male,24,8,1,1,22527,0
9889,15697606,Sturdee,637,Female,21,10,1,0,175072,0
9900,15811594,Gordon,660,Female,28,3,1,1,198070,0
9903,15797665,Docherty,730,Female,27,7,2,1,144099,0
9908,15611247,McKenzie,481,Female,28,10,2,1,145216,0
9920,15798084,Murray,688,Male,26,0,2,1,105785,0
9924,15786789,Ni,725,Female,29,6,2,1,190777,0
9933,15813451,Fleetwood-Smith,677,Male,18,8,2,1,114859,0
9936,15603454,Sanders,735,Male,28,5,2,0,114957,0
9941,15791972,Bergamaschi,748,Female,20,7,2,0,10792,0
9943,15683007,Torode,739,Female,25,5,1,1,129181,0
9944,15659495,Fu,784,Male,23,2,1,1,6848,0
9956,15611338,Kashiwagi,714,Male,29,4,2,1,37606,0
9958,15672237,Oluchi,633,Male,25,1,1,1,100599,0
9973,15747927,Ch'in,758,Male,26,4,1,1,171552,0
9974,15806455,Miller,611,Male,27,7,2,1,157474,0
9990,15605622,McMillan,841,Male,28,4,2,1,179437,0
9994,15569266,Rahman,644,Male,28,7,1,1,29180,0
9995,15719294,Wood,800,Female,29,2,2,0,167774,0
10000,15628319,Walker,792,Female,28,4,1,1,38191,0
